171 483 1 483 240 0 240 84 0 240 128 1 128 69 1 128 360 0 360 402 1 402 444 0 402 308 0 308 325 1 325 47 0 47 445 0 445 179 0 445 163 1 179 83 0 83 217 1 83 42 0 42 82 0 82 389 1 389 279 0 279 59 0 59 172 0 172 468 0 468 300 0 360 499 1 499 170 0 170 110 1 170 265 1 265 382 0 110 500 1 500 375 0 375 368 0 368 314 1 42 138 0 138 251 0 251 95 0 171 302 0 302 358 0 358 380 0 380 198 0 95 370 0 370 207 0 380 216 0 216 475 0 475 215 0 215 90 0 90 87 1 87 252 1 87 414 0 414 413 1 413 260 1 413 457 1 457 460 0 460 433 1 433 459 1 459 219 0 459 288 0 288 248 1 248 454 0 454 432 1 432 158 0 219 366 0 366 349 1 349 148 0 349 242 1 242 26 1 26 131 1 26 30 1 30 289 0 260 341 0 341 287 1 287 23 1 23 357 1 357 479 0 479 290 0 290 67 0 67 374 0 374 446 1 479 130 1 446 244 1 244 21 1 21 226 1 374 88 0 88 492 1 88 5 0 5 332 0 332 415 0 415 494 1 244 7 0 7 104 1 226 123 0 123 75 0 75 63 0 494 298 0 298 470 1 470 392 1 392 60 1 392 65 1 65 345 0 65 423 0 423 465 1 465 230 1 230 337 1 337 147 0 423 151 1 147 450 1 450 381 1 381 315 1 315 399 1 399 196 1 196 132 0 315 255 0 196 72 1 315 18 0 72 365 1 132 395 1 60 328 0 328 10 1 10 51 0 51 86 1 86 89 0 86 264 1 264 135 0 264 209 1 89 150 1 10 197 1 423 1 0 308 204 1 395 136 1 136 496 1 136 489 1 489 169 0 169 354 0 354 185 0 131 266 0 266 117 1 117 461 1 461 33 0 33 453 0 461 186 0 117 19 1 300 96 1 96 305 0 96 480 1 480 362 0 362 145 0 145 424 0 424 167 1 167 195 0 195 343 0 343 109 1 109 180 1 289 62 1 110 273 1 273 159 0 159 427 1 427 443 1 226 127 0 84 153 1 204 14 0 14 133 1 133 28 0 28 245 0 245 344 0 344 426 0 245 154 0 154 203 0 154 327 1 327 437 0 437 55 0 426 256 0 256 34 0 34 364 1 364 58 1 58 140 1 364 297 1 297 283 1 297 112 1 283 182 0 182 221 1 182 48 1 48 52 1 48 168 1 52 236 0 236 191 1 236 390 1 390 27 0 221 408 0 14 200 1 200 37 1 34 412 0 27 438 1 438 184 1 184 278 0 278 268 0 278 106 0 268 376 0 376 323 1 323 36 0 438 431 1 431 105 0 105 394 1 431 406 1 394 74 1 74 39 0 74 166 1 166 121 1 74 326 0 326 78 0 78 277 1 121 70 0 70 439 1 439 32 1 78 317 0 317 210 1 210 420 0 420 304 0 304 421 0 421 229 0 229 267 1 267 309 1 309 391 1 229 165 0 391 403 1 403 434 1 434 270 0 434 4 0 4 192 1 192 225 1 225 116 0 116 404 1 116 107 0 192 379 1 379 449 1 192 73 0 73 292 1 107 373 1 373 254 0 254 301 0 254 187 1 187 91 0 91 155 1 91 164 1 91 299 0 299 102 1 102 476 0 299 190 1 190 311 0 476 222 1 311 295 1 295 157 0 403 436 0 102 419 1 449 227 1 227 50 1 373 43 0 43 41 1 41 66 0 41 125 1 125 160 1 160 428 1 428 189 1 189 425 0 157 398 1 398 467 1 467 280 1 280 490 1 280 464 0 464 355 0 355 393 1 393 259 1 393 235 1 235 462 0 235 111 1 111 356 0 464 46 0 46 497 0 497 338 1 338 303 1 303 486 1 486 388 0 388 440 0 303 228 0 497 71 0 71 466 1 466 238 0 466 149 0 149 234 0 149 108 0 238 208 0 228 113 0 228 378 0 208 54 0 54 233 0 165 316 0 316 417 1 378 330 1 330 29 0 29 400 0 400 152 0 152 324 1 324 193 0 193 478 1 478 455 0 455 85 0 85 347 1 347 441 1 441 353 1 353 319 1 324 92 0 92 493 0 493 146 0 146 97 0 97 2 0 97 56 1 56 183 0 183 318 1 318 359 1 183 257 1 257 120 0 257 211 1 211 334 1 334 346 1 346 101 0 101 224 0 224 115 0 334 181 1 115 487 0 487 57 1 57 253 1 253 38 1 38 98 0 98 271 0 98 396 1 271 484 0 484 372 0 372 458 0 458 416 1 57 333 0 333 201 1 201 241 0 241 491 1 201 335 0 335 410 0 410 25 0 57 285 0 285 262 0 285 199 1 262 40 1 40 282 0 282 422 1 422 329 0 329 363 0 363 350 0 350 473 0 282 351 1 351 81 1 351 9 0 9 188 1 188 53 1 40 246 0 246 339 0 339 202 0 202 269 1 269 142 0 142 495 1 495 177 0 177 93 0 495 348 0 348 80 0 93 173 0 142 263 0 263 342 1 342 469 0 9 205 0 339 3 0 410 310 0 310 44 0 44 471 0 471 477 1 477 306 0 471 369 1 306 247 1 247 409 1 409 448 1 448 296 1 120 122 0 122 49 0 350 407 1 407 481 0 36 61 1 61 16 0 16 212 1 212 276 1 276 176 0 176 331 0 331 231 0 231 397 1 397 451 1 231 12 1 12 175 0 451 274 0 274 22 0 175 100 0 274 261 1 276 384 0 61 284 1 284 124 0 316 17 1 17 137 1 137 320 1 46 232 1 292 156 1 93 258 0 258 118 1 118 250 0 92 377 0 425 294 1 294 20 0 417 134 1 134 237 1 134 45 0 45 24 1 24 141 1 141 119 1 119 387 0 141 220 1 220 162 1 162 442 1 442 352 0 141 321 0 321 472 1 472 371 1 371 64 1 472 336 0 336 405 1 405 411 0 411 13 1 411 452 1 452 239 1 336 385 0 239 488 0 488 249 1 488 498 1 498 474 1 276 293 1 293 8 0 8 275 1 275 281 0 281 361 0 361 291 1 275 77 1 334 435 1 319 143 1 143 485 0 143 15 1 15 482 1 482 161 1 161 129 1 15 447 0 129 11 0 11 340 0 485 383 1 383 463 0 463 144 0 463 76 1 173 139 0 139 223 1 180 206 0 133 31 1 31 286 0 286 213 1 61 456 1 456 313 1 313 243 1 456 322 1 322 174 0 174 218 1 218 79 1 77 114 0 114 99 0 99 367 1 367 307 0 367 214 1 62 194 0 194 6 1 6 312 0 312 94 0 341 68 1 93 103 1 94 35 0 70 178 0 178 126 0 126 401 0 178 418 0 418 386 1 319 430 0 430 429 1 135 272 1 
156284.104000
1000
1 156284.104000
2 156284.104000
3 156284.104000
4 156284.104000
5 156284.104000
6 156284.104000
7 156284.104000
8 156284.104000
9 156284.104000
10 156284.104000
11 156284.104000
12 156284.104000
13 156284.104000
14 156284.104000
15 156284.104000
16 156284.104000
17 156284.104000
18 156284.104000
19 156284.104000
20 156284.104000
21 156284.104000
22 156284.104000
23 156284.104000
24 156284.104000
25 156284.104000
26 156284.104000
27 156284.104000
28 156284.104000
29 156284.104000
30 156284.104000
31 156284.104000
32 156284.104000
33 156284.104000
34 156284.104000
35 156284.104000
36 156284.104000
37 156284.104000
38 156284.104000
39 156284.104000
40 156284.104000
41 156284.104000
42 156284.104000
43 156284.104000
44 156284.104000
45 156284.104000
46 156284.104000
47 156284.104000
48 156284.104000
49 156284.104000
50 156284.104000
51 156284.104000
52 156284.104000
53 156284.104000
54 156284.104000
55 156284.104000
56 156284.104000
57 156284.104000
58 156284.104000
59 156284.104000
60 156284.104000
61 156284.104000
62 156284.104000
63 156284.104000
64 156284.104000
65 156284.104000
66 156284.104000
67 156284.104000
68 156284.104000
69 156284.104000
70 156284.104000
71 156284.104000
72 156284.104000
73 156284.104000
74 156284.104000
75 156284.104000
76 156284.104000
77 156284.104000
78 156284.104000
79 156284.104000
80 156284.104000
81 156284.104000
82 156284.104000
83 156284.104000
84 156284.104000
85 156284.104000
86 156284.104000
87 156284.104000
88 156284.104000
89 156284.104000
90 156284.104000
91 156284.104000
92 156284.104000
93 156284.104000
94 156284.104000
95 156284.104000
96 156284.104000
97 156284.104000
98 156284.104000
99 156284.104000
100 156284.104000
101 156284.104000
102 156284.104000
103 156284.104000
104 156284.104000
105 156284.104000
106 156284.104000
107 156284.104000
108 156284.104000
109 156284.104000
110 156284.104000
111 156284.104000
112 156284.104000
113 156284.104000
114 156284.104000
115 156284.104000
116 156284.104000
117 156284.104000
118 156284.104000
119 156284.104000
120 156284.104000
121 156284.104000
122 156284.104000
123 156284.104000
124 156284.104000
125 156284.104000
126 156284.104000
127 156284.104000
128 156284.104000
129 156284.104000
130 156284.104000
131 156284.104000
132 156284.104000
133 156284.104000
134 156284.104000
135 156284.104000
136 156284.104000
137 156284.104000
138 156284.104000
139 156284.104000
140 156284.104000
141 156284.104000
142 156284.104000
143 156284.104000
144 156284.104000
145 156284.104000
146 156284.104000
147 156284.104000
148 156284.104000
149 156284.104000
150 156284.104000
151 156284.104000
152 156284.104000
153 156284.104000
154 156284.104000
155 156284.104000
156 156284.104000
157 156284.104000
158 156284.104000
159 156284.104000
160 156284.104000
161 156284.104000
162 156284.104000
163 156284.104000
164 156284.104000
165 156284.104000
166 156284.104000
167 156284.104000
168 156284.104000
169 156284.104000
170 156284.104000
171 156284.104000
172 156284.104000
173 156284.104000
174 156284.104000
175 156284.104000
176 156284.104000
177 156284.104000
178 156284.104000
179 156284.104000
180 156284.104000
181 156284.104000
182 156284.104000
183 156284.104000
184 156284.104000
185 156284.104000
186 156284.104000
187 156284.104000
188 156284.104000
189 156284.104000
190 156284.104000
191 156284.104000
192 156284.104000
193 156284.104000
194 156284.104000
195 156284.104000
196 156284.104000
197 156284.104000
198 156284.104000
199 156284.104000
200 156284.104000
201 156284.104000
202 156284.104000
203 156284.104000
204 156284.104000
205 156284.104000
206 156284.104000
207 156284.104000
208 156284.104000
209 156284.104000
210 156284.104000
211 156284.104000
212 156284.104000
213 156284.104000
214 156284.104000
215 156284.104000
216 156284.104000
217 156284.104000
218 156284.104000
219 156284.104000
220 156284.104000
221 156284.104000
222 156284.104000
223 156284.104000
224 156284.104000
225 156284.104000
226 156284.104000
227 156284.104000
228 156284.104000
229 156284.104000
230 156284.104000
231 156284.104000
232 156284.104000
233 156284.104000
234 156284.104000
235 156284.104000
236 156284.104000
237 156284.104000
238 156284.104000
239 156284.104000
240 156284.104000
241 156284.104000
242 156284.104000
243 156284.104000
244 156284.104000
245 156284.104000
246 156284.104000
247 156284.104000
248 156284.104000
249 156284.104000
250 156284.104000
251 156284.104000
252 156284.104000
253 156284.104000
254 156284.104000
255 156284.104000
256 156284.104000
257 156284.104000
258 156284.104000
259 156284.104000
260 156284.104000
261 156284.104000
262 156284.104000
263 156284.104000
264 156284.104000
265 156284.104000
266 156284.104000
267 156284.104000
268 156284.104000
269 156284.104000
270 156284.104000
271 156284.104000
272 156284.104000
273 156284.104000
274 156284.104000
275 156284.104000
276 156284.104000
277 156284.104000
278 156284.104000
279 156284.104000
280 156284.104000
281 156284.104000
282 156284.104000
283 156284.104000
284 156284.104000
285 156284.104000
286 156284.104000
287 156284.104000
288 156284.104000
289 156284.104000
290 156284.104000
291 156284.104000
292 156284.104000
293 156284.104000
294 156284.104000
295 156284.104000
296 156284.104000
297 156284.104000
298 156284.104000
299 156284.104000
300 156284.104000
301 156284.104000
302 156284.104000
303 156284.104000
304 156284.104000
305 156284.104000
306 156284.104000
307 156284.104000
308 156284.104000
309 156284.104000
310 156284.104000
311 156284.104000
312 156284.104000
313 156284.104000
314 156284.104000
315 156284.104000
316 156284.104000
317 156284.104000
318 156284.104000
319 156284.104000
320 156284.104000
321 156284.104000
322 156284.104000
323 156284.104000
324 156284.104000
325 156284.104000
326 156284.104000
327 156284.104000
328 156284.104000
329 156284.104000
330 156284.104000
331 156284.104000
332 156284.104000
333 156284.104000
334 156284.104000
335 156284.104000
336 156284.104000
337 156284.104000
338 156284.104000
339 156284.104000
340 156284.104000
341 156284.104000
342 156284.104000
343 156284.104000
344 156284.104000
345 156284.104000
346 156284.104000
347 156284.104000
348 156284.104000
349 156284.104000
350 156284.104000
351 156284.104000
352 156284.104000
353 156284.104000
354 156284.104000
355 156284.104000
356 156284.104000
357 156284.104000
358 156284.104000
359 156284.104000
360 156284.104000
361 156284.104000
362 156284.104000
363 156284.104000
364 156284.104000
365 156284.104000
366 156284.104000
367 156284.104000
368 156284.104000
369 156284.104000
370 156284.104000
371 156284.104000
372 156284.104000
373 156284.104000
374 156284.104000
375 156284.104000
376 156284.104000
377 156284.104000
378 156284.104000
379 156284.104000
380 156284.104000
381 156284.104000
382 156284.104000
383 156284.104000
384 156284.104000
385 156284.104000
386 156284.104000
387 156284.104000
388 156284.104000
389 156284.104000
390 156284.104000
391 156284.104000
392 156284.104000
393 156284.104000
394 156284.104000
395 156284.104000
396 156284.104000
397 156284.104000
398 156284.104000
399 156284.104000
400 156284.104000
401 156284.104000
402 156284.104000
403 156284.104000
404 156284.104000
405 156284.104000
406 156284.104000
407 156284.104000
408 156284.104000
409 156284.104000
410 156284.104000
411 156284.104000
412 156284.104000
413 156284.104000
414 156284.104000
415 156284.104000
416 156284.104000
417 156284.104000
418 156284.104000
419 156284.104000
420 156284.104000
421 156284.104000
422 156284.104000
423 156284.104000
424 156284.104000
425 156284.104000
426 156284.104000
427 156284.104000
428 156284.104000
429 156284.104000
430 156284.104000
431 156284.104000
432 156284.104000
433 156284.104000
434 156284.104000
435 156284.104000
436 156284.104000
437 156284.104000
438 156284.104000
439 156284.104000
440 156284.104000
441 156284.104000
442 156284.104000
443 156284.104000
444 156284.104000
445 156284.104000
446 156284.104000
447 156284.104000
448 156284.104000
449 156284.104000
450 156284.104000
451 156284.104000
452 156284.104000
453 156284.104000
454 156284.104000
455 156284.104000
456 156284.104000
457 156284.104000
458 156284.104000
459 156284.104000
460 156284.104000
461 156284.104000
462 156284.104000
463 156284.104000
464 156284.104000
465 156284.104000
466 156284.104000
467 156284.104000
468 156284.104000
469 156284.104000
470 156284.104000
471 156284.104000
472 156284.104000
473 156284.104000
474 156284.104000
475 156284.104000
476 156284.104000
477 156284.104000
478 156284.104000
479 156284.104000
480 156284.104000
481 156284.104000
482 156284.104000
483 156284.104000
484 156284.104000
485 156284.104000
486 156284.104000
487 156284.104000
488 156284.104000
489 156284.104000
490 156284.104000
491 156284.104000
492 156284.104000
493 156284.104000
494 156284.104000
495 156284.104000
496 156284.104000
497 156284.104000
498 156284.104000
499 156284.104000
500 156284.104000
501 156284.104000
502 156284.104000
503 156284.104000
504 156284.104000
505 156284.104000
506 156284.104000
507 156284.104000
508 156284.104000
509 156284.104000
510 156284.104000
511 156284.104000
512 156284.104000
513 156284.104000
514 156284.104000
515 156284.104000
516 156284.104000
517 156284.104000
518 156284.104000
519 156284.104000
520 156284.104000
521 156284.104000
522 156284.104000
523 156284.104000
524 156284.104000
525 156284.104000
526 156284.104000
527 156284.104000
528 156284.104000
529 156284.104000
530 156284.104000
531 156284.104000
532 156284.104000
533 156284.104000
534 156284.104000
535 156284.104000
536 156284.104000
537 156284.104000
538 156284.104000
539 156284.104000
540 156284.104000
541 156284.104000
542 156284.104000
543 156284.104000
544 156284.104000
545 156284.104000
546 156284.104000
547 156284.104000
548 156284.104000
549 156284.104000
550 156284.104000
551 156284.104000
552 156284.104000
553 156284.104000
554 156284.104000
555 156284.104000
556 156284.104000
557 156284.104000
558 156284.104000
559 156284.104000
560 156284.104000
561 156284.104000
562 156284.104000
563 156284.104000
564 156284.104000
565 156284.104000
566 156284.104000
567 156284.104000
568 156284.104000
569 156284.104000
570 156284.104000
571 156284.104000
572 156284.104000
573 156284.104000
574 156284.104000
575 156284.104000
576 156284.104000
577 156284.104000
578 156284.104000
579 156284.104000
580 156284.104000
581 156284.104000
582 156284.104000
583 156284.104000
584 156284.104000
585 156284.104000
586 156284.104000
587 156284.104000
588 156284.104000
589 156284.104000
590 156284.104000
591 156284.104000
592 156284.104000
593 156284.104000
594 156284.104000
595 156284.104000
596 156284.104000
597 156284.104000
598 156284.104000
599 156284.104000
600 156284.104000
601 156284.104000
602 156284.104000
603 156284.104000
604 156284.104000
605 156284.104000
606 156284.104000
607 156284.104000
608 156284.104000
609 156284.104000
610 156284.104000
611 156284.104000
612 156284.104000
613 156284.104000
614 156284.104000
615 156284.104000
616 156284.104000
617 156284.104000
618 156284.104000
619 156284.104000
620 156284.104000
621 156284.104000
622 156284.104000
623 156284.104000
624 156284.104000
625 156284.104000
626 156284.104000
627 156284.104000
628 156284.104000
629 156284.104000
630 156284.104000
631 156284.104000
632 156284.104000
633 156284.104000
634 156284.104000
635 156284.104000
636 156284.104000
637 156284.104000
638 156284.104000
639 156284.104000
640 156284.104000
641 156284.104000
642 156284.104000
643 156284.104000
644 156284.104000
645 156284.104000
646 156284.104000
647 156284.104000
648 156284.104000
649 156284.104000
650 156284.104000
651 156284.104000
652 156284.104000
653 156284.104000
654 156284.104000
655 156284.104000
656 156284.104000
657 156284.104000
658 156284.104000
659 156284.104000
660 156284.104000
661 156284.104000
662 156284.104000
663 156284.104000
664 156284.104000
665 156284.104000
666 156284.104000
667 156284.104000
668 156284.104000
669 156284.104000
670 156284.104000
671 156284.104000
672 156284.104000
673 156284.104000
674 156284.104000
675 156284.104000
676 156284.104000
677 156284.104000
678 156284.104000
679 156284.104000
680 156284.104000
681 156284.104000
682 156284.104000
683 156284.104000
684 156284.104000
685 156284.104000
686 156284.104000
687 156284.104000
688 156284.104000
689 156284.104000
690 156284.104000
691 156284.104000
692 156284.104000
693 156284.104000
694 156284.104000
695 156284.104000
696 156284.104000
697 156284.104000
698 156284.104000
699 156284.104000
700 156284.104000
701 156284.104000
702 156284.104000
703 156284.104000
704 156284.104000
705 156284.104000
706 156284.104000
707 156284.104000
708 156284.104000
709 156284.104000
710 156284.104000
711 156284.104000
712 156284.104000
713 156284.104000
714 156284.104000
715 156284.104000
716 156284.104000
717 156284.104000
718 156284.104000
719 156284.104000
720 156284.104000
721 156284.104000
722 156284.104000
723 156284.104000
724 156284.104000
725 156284.104000
726 156284.104000
727 156284.104000
728 156284.104000
729 156284.104000
730 156284.104000
731 156284.104000
732 156284.104000
733 156284.104000
734 156284.104000
735 156284.104000
736 156284.104000
737 156284.104000
738 156284.104000
739 156284.104000
740 156284.104000
741 156284.104000
742 156284.104000
743 156284.104000
744 156284.104000
745 156284.104000
746 156284.104000
747 156284.104000
748 156284.104000
749 156284.104000
750 156284.104000
751 156284.104000
752 156284.104000
753 156284.104000
754 156284.104000
755 156284.104000
756 156284.104000
757 156284.104000
758 156284.104000
759 156284.104000
760 156284.104000
761 156284.104000
762 156284.104000
763 156284.104000
764 156284.104000
765 156284.104000
766 156284.104000
767 156284.104000
768 156284.104000
769 156284.104000
770 156284.104000
771 156284.104000
772 156284.104000
773 156284.104000
774 156284.104000
775 156284.104000
776 156284.104000
777 156284.104000
778 156284.104000
779 156284.104000
780 156284.104000
781 156284.104000
782 156284.104000
783 156284.104000
784 156284.104000
785 156284.104000
786 156284.104000
787 156284.104000
788 156284.104000
789 156284.104000
790 156284.104000
791 156284.104000
792 156284.104000
793 156284.104000
794 156284.104000
795 156284.104000
796 156284.104000
797 156284.104000
798 156284.104000
799 156284.104000
800 156284.104000
801 156284.104000
802 156284.104000
803 156284.104000
804 156284.104000
805 156284.104000
806 156284.104000
807 156284.104000
808 156284.104000
809 156284.104000
810 156284.104000
811 156284.104000
812 156284.104000
813 156284.104000
814 156284.104000
815 156284.104000
816 156284.104000
817 156284.104000
818 156284.104000
819 156284.104000
820 156284.104000
821 156284.104000
822 156284.104000
823 156284.104000
824 156284.104000
825 156284.104000
826 156284.104000
827 156284.104000
828 156284.104000
829 156284.104000
830 156284.104000
831 156284.104000
832 156284.104000
833 156284.104000
834 156284.104000
835 156284.104000
836 156284.104000
837 156284.104000
838 156284.104000
839 156284.104000
840 156284.104000
841 156284.104000
842 156284.104000
843 156284.104000
844 156284.104000
845 156284.104000
846 156284.104000
847 156284.104000
848 156284.104000
849 156284.104000
850 156284.104000
851 156284.104000
852 156284.104000
853 156284.104000
854 156284.104000
855 156284.104000
856 156284.104000
857 156284.104000
858 156284.104000
859 156284.104000
860 156284.104000
861 156284.104000
862 156284.104000
863 156284.104000
864 156284.104000
865 156284.104000
866 156284.104000
867 156284.104000
868 156284.104000
869 156284.104000
870 156284.104000
871 156284.104000
872 156284.104000
873 156284.104000
874 156284.104000
875 156284.104000
876 156284.104000
877 156284.104000
878 156284.104000
879 156284.104000
880 156284.104000
881 156284.104000
882 156284.104000
883 156284.104000
884 156284.104000
885 156284.104000
886 156284.104000
887 156284.104000
888 156284.104000
889 156284.104000
890 156284.104000
891 156284.104000
892 156284.104000
893 156284.104000
894 156284.104000
895 156284.104000
896 156284.104000
897 156284.104000
898 156284.104000
899 156284.104000
900 156284.104000
901 156284.104000
902 156284.104000
903 156284.104000
904 156284.104000
905 156284.104000
906 156284.104000
907 156284.104000
908 156284.104000
909 156284.104000
910 156284.104000
911 156284.104000
912 156284.104000
913 156284.104000
914 156284.104000
915 156284.104000
916 156284.104000
917 156284.104000
918 156284.104000
919 156284.104000
920 156284.104000
921 156284.104000
922 156284.104000
923 156284.104000
924 156284.104000
925 156284.104000
926 156284.104000
927 156284.104000
928 156284.104000
929 156284.104000
930 156284.104000
931 156284.104000
932 156284.104000
933 156284.104000
934 156284.104000
935 156284.104000
936 156284.104000
937 156284.104000
938 156284.104000
939 156284.104000
940 156284.104000
941 156284.104000
942 156284.104000
943 156284.104000
944 156284.104000
945 156284.104000
946 156284.104000
947 156284.104000
948 156284.104000
949 156284.104000
950 156284.104000
951 156284.104000
952 156284.104000
953 156284.104000
954 156284.104000
955 156284.104000
956 156284.104000
957 156284.104000
958 156284.104000
959 156284.104000
960 156284.104000
961 156284.104000
962 156284.104000
963 156284.104000
964 156284.104000
965 156284.104000
966 156284.104000
967 156284.104000
968 156284.104000
969 156284.104000
970 156284.104000
971 156284.104000
972 156284.104000
973 156284.104000
974 156284.104000
975 156284.104000
976 156284.104000
977 156284.104000
978 156284.104000
979 156284.104000
980 156284.104000
981 156284.104000
982 156284.104000
983 156284.104000
984 156284.104000
985 156284.104000
986 156284.104000
987 156284.104000
988 156284.104000
989 156284.104000
990 156284.104000
991 156284.104000
992 156284.104000
993 156284.104000
994 156284.104000
995 156284.104000
996 156284.104000
997 156284.104000
998 156284.104000
999 156284.104000
1000 156284.104000