62 
 .93 .20 
 .93 .27 
 .93 .34 
 .93 .41 
 .93 .48 
 .93 .54 
 .88 .44 
 .88 .30 
 .82 .20 
 .82 .27 
 .82 .34 
 .82 .41 
 .82 .47 
 .82 .55 
 .77 .51 
 .77 .23 
 .71 .55 
 .71 .47 
 .71 .41 
 .71 .27 
 .71 .20 
 .60 .55 
 .60 .47 
 .60 .41 
 .60 .34 
 .60 .27 
 .60 .20 
 .49 .55 
 .49 .51 
 .49 .47 
 .49 .38 
 .49 .34 
 .47 .27 
 .49 .23 
 .49 .20 
 .38 .20 
 .38 .27 
 .38 .34 
 .38 .41 
 .38 .47 
 .38 .55 
 .27 .41 
 .27 .47 
 .27 .55 
 .27 .27 
 .27 .20 
 .22 .23 
 .22 .51 
 .16 .55 
 .16 .47 
 .16 .41 
 .16 .34 
 .16 .27 
 .16 .20 
 .11 .44 
 .11 .30 
 .05 .55 
 .05 .47 
 .05 .41 
 .05 .34 
 .05 .27 
 .05 .20 