169 489 1 489 136 1 136 496 1 169 354 1 354 185 0 136 395 1 395 132 0 132 196 1 196 399 0 399 315 0 315 381 1 315 255 0 196 72 0 381 450 1 315 18 1 72 365 0 450 147 0 147 337 0 337 230 1 230 465 1 465 423 1 423 65 1 65 345 0 423 151 1 65 392 0 392 60 1 392 470 1 470 298 0 60 328 1 328 10 0 10 51 0 51 86 0 86 89 0 86 264 1 264 135 1 264 209 1 89 150 1 10 197 1 298 494 0 494 415 1 415 332 0 332 5 0 5 88 1 88 492 1 88 374 1 374 67 0 67 290 1 374 446 0 290 479 0 479 357 1 357 23 0 23 287 0 287 341 1 479 130 1 446 244 0 244 21 1 21 226 1 244 7 0 7 104 1 226 123 1 123 75 1 75 63 0 423 1 0 341 260 1 260 413 0 413 457 0 457 460 0 460 433 1 433 459 0 459 219 1 459 288 1 288 248 1 248 454 1 454 432 0 432 158 0 219 366 1 366 349 1 349 148 1 457 252 0 252 87 0 87 414 0 87 90 1 90 215 0 215 475 1 475 216 1 349 242 0 242 26 0 26 131 0 26 30 1 30 289 1 216 380 0 380 198 0 380 358 1 358 302 0 302 171 0 171 483 0 483 240 1 240 84 0 240 128 0 128 69 1 128 360 0 360 402 0 402 444 0 402 308 1 308 325 0 325 47 1 47 445 1 445 179 1 445 163 1 179 83 1 83 217 0 83 42 1 42 82 0 82 389 0 389 279 0 279 59 1 59 172 0 172 468 1 468 300 1 360 499 1 499 170 1 170 110 0 170 265 1 265 382 0 110 500 0 500 375 1 375 368 1 368 314 0 42 138 0 138 251 1 251 95 1 95 370 0 370 207 0 308 204 1 131 266 0 266 117 1 117 461 1 461 33 0 33 453 0 461 186 0 117 19 0 300 96 1 96 305 1 96 480 0 480 362 0 362 145 0 145 424 0 424 167 0 167 195 1 195 343 0 343 109 1 109 180 1 289 62 0 110 273 1 273 159 1 159 427 1 427 443 1 226 127 1 84 153 1 204 14 0 14 133 1 133 28 0 28 245 1 245 344 0 344 426 0 245 154 0 154 203 1 154 327 1 327 437 1 437 55 1 426 256 1 256 34 1 34 364 0 364 58 0 58 140 0 364 297 0 297 283 0 297 112 1 283 182 1 182 221 0 182 48 0 48 52 1 48 168 1 52 236 1 236 191 0 236 390 1 390 27 0 221 408 0 14 200 1 200 37 1 34 412 1 27 438 1 438 184 0 184 278 1 278 268 0 278 106 1 268 376 0 376 323 0 323 36 1 438 431 1 431 105 0 105 394 1 431 406 1 394 74 0 74 39 1 74 166 0 166 121 1 74 326 0 326 78 0 78 277 0 121 70 1 70 439 0 439 32 1 78 317 1 317 210 0 210 420 1 420 304 0 304 421 0 421 229 1 229 267 1 267 309 1 309 391 0 229 165 0 391 403 1 403 434 0 434 270 0 434 4 0 4 192 0 192 225 0 225 116 1 116 404 0 116 107 1 192 379 0 379 449 1 192 73 0 73 292 1 107 373 0 373 254 1 254 301 0 254 187 1 187 91 1 91 155 1 91 164 1 91 299 1 299 102 0 102 476 1 299 190 0 190 311 1 476 222 0 311 295 1 295 157 1 403 436 1 102 419 0 449 227 1 227 50 1 373 43 1 43 41 0 41 66 1 41 125 0 125 160 1 160 428 1 428 189 0 189 425 0 157 398 0 398 467 1 467 280 0 280 490 0 280 464 1 464 355 1 355 393 0 393 259 0 393 235 1 235 462 1 235 111 0 111 356 1 464 46 0 46 497 0 497 338 0 338 303 0 303 486 0 486 388 0 388 440 1 303 228 0 497 71 1 71 466 1 466 238 0 466 149 1 149 234 0 149 108 0 238 208 0 228 113 1 228 378 0 208 54 1 54 233 0 165 316 1 316 417 1 378 330 1 330 29 0 29 400 0 400 152 0 152 324 1 324 193 0 193 478 1 478 455 0 455 85 0 85 347 1 347 441 0 441 353 1 353 319 1 324 92 0 92 493 1 493 146 0 146 97 1 97 2 0 97 56 0 56 183 1 183 318 1 318 359 0 183 257 0 257 120 1 257 211 1 211 334 0 334 346 1 346 101 1 101 224 0 224 115 0 334 181 1 115 487 1 487 57 0 57 253 1 253 38 1 38 98 0 98 271 1 98 396 1 271 484 1 484 372 1 372 458 1 458 416 0 57 333 0 333 201 0 201 241 0 241 491 0 201 335 1 335 410 1 410 25 0 57 285 0 285 262 1 285 199 1 262 40 1 40 282 0 282 422 1 422 329 0 329 363 0 363 350 0 350 473 0 282 351 0 351 81 1 351 9 1 9 188 1 188 53 1 40 246 0 246 339 1 339 202 1 202 269 1 269 142 0 142 495 1 495 177 0 177 93 0 495 348 0 348 80 1 93 173 0 142 263 0 263 342 1 342 469 1 9 205 1 339 3 0 410 310 1 310 44 0 44 471 1 471 477 0 477 306 1 471 369 0 306 247 1 247 409 1 409 448 0 448 296 0 120 122 0 122 49 0 350 407 1 407 481 0 36 61 0 61 16 0 16 212 1 212 276 1 276 176 1 176 331 1 331 231 1 231 397 0 397 451 0 231 12 1 12 175 0 451 274 0 274 22 1 175 100 0 274 261 0 276 384 1 61 284 0 284 124 1 316 17 1 17 137 1 137 320 0 46 232 0 292 156 1 93 258 0 258 118 1 118 250 0 92 377 1 425 294 0 294 20 0 417 134 1 134 237 0 134 45 0 45 24 0 24 141 1 141 119 0 119 387 0 141 220 1 220 162 1 162 442 0 442 352 1 141 321 0 321 472 1 472 371 0 371 64 1 472 336 1 336 405 0 405 411 1 411 13 1 411 452 1 452 239 1 336 385 1 239 488 0 488 249 0 488 498 0 498 474 1 276 293 0 293 8 1 8 275 1 275 281 1 281 361 1 361 291 1 275 77 0 334 435 1 319 143 0 143 485 0 143 15 1 15 482 0 482 161 1 161 129 1 15 447 1 129 11 0 11 340 0 485 383 0 383 463 1 463 144 1 463 76 1 173 139 1 139 223 0 180 206 1 133 31 0 31 286 0 286 213 1 61 456 1 456 313 1 313 243 0 456 322 0 322 174 1 174 218 0 218 79 1 77 114 0 114 99 1 99 367 1 367 307 1 367 214 1 62 194 0 194 6 0 6 312 1 312 94 1 341 68 1 93 103 1 94 35 0 70 178 1 178 126 0 126 401 0 178 418 1 418 386 0 319 430 0 430 429 0 135 272 0 
156537.743000
500
1 156537.743000
2 156537.743000
3 156537.743000
4 156537.743000
5 156537.743000
6 156537.743000
7 156537.743000
8 156537.743000
9 156537.743000
10 156537.743000
11 156537.743000
12 156537.743000
13 156537.743000
14 156537.743000
15 156537.743000
16 156537.743000
17 156537.743000
18 156537.743000
19 156537.743000
20 156537.743000
21 156537.743000
22 156537.743000
23 156537.743000
24 156537.743000
25 156537.743000
26 156537.743000
27 156537.743000
28 156537.743000
29 156537.743000
30 156537.743000
31 156537.743000
32 156537.743000
33 156537.743000
34 156537.743000
35 156537.743000
36 156537.743000
37 156537.743000
38 156537.743000
39 156537.743000
40 156537.743000
41 156537.743000
42 156537.743000
43 156537.743000
44 156537.743000
45 156537.743000
46 156537.743000
47 156537.743000
48 156537.743000
49 156537.743000
50 156537.743000
51 156537.743000
52 156537.743000
53 156537.743000
54 156537.743000
55 156537.743000
56 156537.743000
57 156537.743000
58 156537.743000
59 156537.743000
60 156537.743000
61 156537.743000
62 156537.743000
63 156537.743000
64 156537.743000
65 156537.743000
66 156537.743000
67 156537.743000
68 156537.743000
69 156537.743000
70 156537.743000
71 156537.743000
72 156537.743000
73 156537.743000
74 156537.743000
75 156537.743000
76 156537.743000
77 156537.743000
78 156537.743000
79 156537.743000
80 156537.743000
81 156537.743000
82 156537.743000
83 156537.743000
84 156537.743000
85 156537.743000
86 156537.743000
87 156537.743000
88 156537.743000
89 156537.743000
90 156537.743000
91 156537.743000
92 156537.743000
93 156537.743000
94 156537.743000
95 156537.743000
96 156537.743000
97 156537.743000
98 156537.743000
99 156537.743000
100 156537.743000
101 156537.743000
102 156537.743000
103 156537.743000
104 156537.743000
105 156537.743000
106 156537.743000
107 156537.743000
108 156537.743000
109 156537.743000
110 156537.743000
111 156537.743000
112 156537.743000
113 156537.743000
114 156537.743000
115 156537.743000
116 156537.743000
117 156537.743000
118 156537.743000
119 156537.743000
120 156537.743000
121 156537.743000
122 156537.743000
123 156537.743000
124 156537.743000
125 156537.743000
126 156537.743000
127 156537.743000
128 156537.743000
129 156537.743000
130 156537.743000
131 156537.743000
132 156537.743000
133 156537.743000
134 156537.743000
135 156537.743000
136 156537.743000
137 156537.743000
138 156537.743000
139 156537.743000
140 156537.743000
141 156537.743000
142 156537.743000
143 156537.743000
144 156537.743000
145 156537.743000
146 156537.743000
147 156537.743000
148 156537.743000
149 156537.743000
150 156537.743000
151 156537.743000
152 156537.743000
153 156537.743000
154 156537.743000
155 156537.743000
156 156537.743000
157 156537.743000
158 156537.743000
159 156537.743000
160 156537.743000
161 156537.743000
162 156537.743000
163 156537.743000
164 156537.743000
165 156537.743000
166 156537.743000
167 156537.743000
168 156537.743000
169 156537.743000
170 156537.743000
171 156537.743000
172 156537.743000
173 156537.743000
174 156537.743000
175 156537.743000
176 156537.743000
177 156537.743000
178 156537.743000
179 156537.743000
180 156537.743000
181 156537.743000
182 156537.743000
183 156537.743000
184 156537.743000
185 156537.743000
186 156537.743000
187 156537.743000
188 156537.743000
189 156537.743000
190 156537.743000
191 156537.743000
192 156537.743000
193 156537.743000
194 156537.743000
195 156537.743000
196 156537.743000
197 156537.743000
198 156537.743000
199 156537.743000
200 156537.743000
201 156537.743000
202 156537.743000
203 156537.743000
204 156537.743000
205 156537.743000
206 156537.743000
207 156537.743000
208 156537.743000
209 156537.743000
210 156537.743000
211 156537.743000
212 156537.743000
213 156537.743000
214 156537.743000
215 156537.743000
216 156537.743000
217 156537.743000
218 156537.743000
219 156537.743000
220 156537.743000
221 156537.743000
222 156537.743000
223 156537.743000
224 156537.743000
225 156537.743000
226 156537.743000
227 156537.743000
228 156537.743000
229 156537.743000
230 156537.743000
231 156537.743000
232 156537.743000
233 156537.743000
234 156537.743000
235 156537.743000
236 156537.743000
237 156537.743000
238 156537.743000
239 156537.743000
240 156537.743000
241 156537.743000
242 156537.743000
243 156537.743000
244 156537.743000
245 156537.743000
246 156537.743000
247 156537.743000
248 156537.743000
249 156537.743000
250 156537.743000
251 156537.743000
252 156537.743000
253 156537.743000
254 156537.743000
255 156537.743000
256 156537.743000
257 156537.743000
258 156537.743000
259 156537.743000
260 156537.743000
261 156537.743000
262 156537.743000
263 156537.743000
264 156537.743000
265 156537.743000
266 156537.743000
267 156537.743000
268 156537.743000
269 156537.743000
270 156537.743000
271 156537.743000
272 156537.743000
273 156537.743000
274 156537.743000
275 156537.743000
276 156537.743000
277 156537.743000
278 156537.743000
279 156537.743000
280 156537.743000
281 156537.743000
282 156537.743000
283 156537.743000
284 156537.743000
285 156537.743000
286 156537.743000
287 156537.743000
288 156537.743000
289 156537.743000
290 156537.743000
291 156537.743000
292 156537.743000
293 156537.743000
294 156537.743000
295 156537.743000
296 156537.743000
297 156537.743000
298 156537.743000
299 156537.743000
300 156537.743000
301 156537.743000
302 156537.743000
303 156537.743000
304 156537.743000
305 156537.743000
306 156537.743000
307 156537.743000
308 156537.743000
309 156537.743000
310 156537.743000
311 156537.743000
312 156537.743000
313 156537.743000
314 156537.743000
315 156537.743000
316 156537.743000
317 156537.743000
318 156537.743000
319 156537.743000
320 156537.743000
321 156537.743000
322 156537.743000
323 156537.743000
324 156537.743000
325 156537.743000
326 156537.743000
327 156537.743000
328 156537.743000
329 156537.743000
330 156537.743000
331 156537.743000
332 156537.743000
333 156537.743000
334 156537.743000
335 156537.743000
336 156537.743000
337 156537.743000
338 156537.743000
339 156537.743000
340 156537.743000
341 156537.743000
342 156537.743000
343 156537.743000
344 156537.743000
345 156537.743000
346 156537.743000
347 156537.743000
348 156537.743000
349 156537.743000
350 156537.743000
351 156537.743000
352 156537.743000
353 156537.743000
354 156537.743000
355 156537.743000
356 156537.743000
357 156537.743000
358 156537.743000
359 156537.743000
360 156537.743000
361 156537.743000
362 156537.743000
363 156537.743000
364 156537.743000
365 156537.743000
366 156537.743000
367 156537.743000
368 156537.743000
369 156537.743000
370 156537.743000
371 156537.743000
372 156537.743000
373 156537.743000
374 156537.743000
375 156537.743000
376 156537.743000
377 156537.743000
378 156537.743000
379 156537.743000
380 156537.743000
381 156537.743000
382 156537.743000
383 156537.743000
384 156537.743000
385 156537.743000
386 156537.743000
387 156537.743000
388 156537.743000
389 156537.743000
390 156537.743000
391 156537.743000
392 156537.743000
393 156537.743000
394 156537.743000
395 156537.743000
396 156537.743000
397 156537.743000
398 156537.743000
399 156537.743000
400 156537.743000
401 156537.743000
402 156537.743000
403 156537.743000
404 156537.743000
405 156537.743000
406 156537.743000
407 156537.743000
408 156537.743000
409 156537.743000
410 156537.743000
411 156537.743000
412 156537.743000
413 156537.743000
414 156537.743000
415 156537.743000
416 156537.743000
417 156537.743000
418 156537.743000
419 156537.743000
420 156537.743000
421 156537.743000
422 156537.743000
423 156537.743000
424 156537.743000
425 156537.743000
426 156537.743000
427 156537.743000
428 156537.743000
429 156537.743000
430 156537.743000
431 156537.743000
432 156537.743000
433 156537.743000
434 156537.743000
435 156537.743000
436 156537.743000
437 156537.743000
438 156537.743000
439 156537.743000
440 156537.743000
441 156537.743000
442 156537.743000
443 156537.743000
444 156537.743000
445 156537.743000
446 156537.743000
447 156537.743000
448 156537.743000
449 156537.743000
450 156537.743000
451 156537.743000
452 156537.743000
453 156537.743000
454 156537.743000
455 156537.743000
456 156537.743000
457 156537.743000
458 156537.743000
459 156537.743000
460 156537.743000
461 156537.743000
462 156537.743000
463 156537.743000
464 156537.743000
465 156537.743000
466 156537.743000
467 156537.743000
468 156537.743000
469 156537.743000
470 156537.743000
471 156537.743000
472 156537.743000
473 156537.743000
474 156537.743000
475 156537.743000
476 156537.743000
477 156537.743000
478 156537.743000
479 156537.743000
480 156537.743000
481 156537.743000
482 156537.743000
483 156537.743000
484 156537.743000
485 156537.743000
486 156537.743000
487 156537.743000
488 156537.743000
489 156537.743000
490 156537.743000
491 156537.743000
492 156537.743000
493 156537.743000
494 156537.743000
495 156537.743000
496 156537.743000
497 156537.743000
498 156537.743000
499 156537.743000
500 156537.743000