12 43 24
43 13 24
17 5 43
5 38 43
38 18 43
18 13 43
4 12 24
17 40 5
18 26 13
13 4 24
40 38 5
4 16 12
47 38 40
7 16 4
18 27 26
31 25 16
13 7 4
47 41 38
16 0 31
40 6 47
41 18 38
6 41 47
7 0 16
42 0 7
35 41 6
17 6 40
45 21 42
7 45 42
31 19 25
41 27 18
0 19 31
30 19 0
22 27 41
22 2 27
26 7 13
26 45 7
15 28 2
42 30 0
2 36 27
28 36 2
28 10 36
21 30 42
27 45 26
36 45 27
22 15 2
35 22 41
34 22 35
33 28 15
11 19 30
6 34 35
33 10 28
22 33 15
10 44 36
33 44 10
44 45 36
37 45 44
45 30 21
45 11 30
37 11 45
34 33 22
34 8 33
39 8 34
6 39 34
8 44 33
23 8 39
14 8 23
37 3 11
14 9 8
20 44 8
48 3 37
9 20 8
46 9 14
20 1 44
1 37 44
1 48 37
17 39 6
23 46 14
1 49 48
29 20 9
46 29 9
29 1 20
32 48 49
32 3 48
29 49 1
29 32 49
