19 40 43
22 69 19
26 40 19
37 26 19
69 52 45
37 61 26
8 22 19
43 8 19
6 61 37
45 66 39
45 42 66
52 42 45
40 8 43
55 37 25
55 6 37
42 60 66
35 55 25
24 6 55
63 24 55
22 52 69
35 63 55
24 61 6
53 24 63
8 52 22
24 26 61
8 42 52
42 18 60
18 2 60
26 8 40
24 8 26
8 59 42
59 18 42
24 27 8
67 1 53
27 59 8
53 12 24
18 5 2
12 27 24
1 12 53
64 27 12
15 56 27
48 1 67
56 59 27
51 18 59
56 50 59
56 23 50
50 51 59
54 23 56
38 12 1
48 38 1
23 51 50
38 36 12
15 54 56
62 23 54
36 64 12
36 11 64
64 15 27
11 15 64
63 67 53
62 51 23
3 36 38
3 28 36
9 65 48
65 38 48
65 3 38
62 30 51
67 9 48
28 11 36
28 17 11
34 44 30
10 65 9
30 18 51
11 54 15
35 67 63
44 18 30
17 54 11
18 57 5
44 57 18
17 62 54
29 44 34
30 29 34
13 62 17
20 13 17
62 29 30
14 57 44
31 17 28
14 68 57
47 13 20
62 0 29
14 33 68
31 20 17
7 14 44
4 44 29
4 7 44
13 0 62
0 4 29
3 31 28
65 31 3
32 4 0
31 47 20
10 31 65
13 32 0
57 2 5
49 47 31
41 31 10
41 49 31
46 33 16
49 58 47
46 68 33
16 21 46
14 16 33
47 32 13
58 32 47
68 2 57
7 16 14
41 58 49
7 21 16
32 7 4
32 21 7
58 21 32
46 2 68
35 9 67
