42 53 18
5 37 53
53 54 5
5 72 37
87 5 41
60 42 18
54 41 5
5 39 72
5 1 39
87 1 5
1 17 39
63 41 54
60 53 42
23 53 60
53 65 54
14 72 39
14 64 72
97 37 72
55 41 63
64 97 72
65 63 54
97 58 37
31 65 53
17 14 39
23 31 53
55 87 41
17 32 14
63 66 55
78 87 55
66 78 55
51 63 65
14 36 64
1 6 17
51 66 63
36 97 64
32 36 14
23 62 31
6 32 17
87 6 1
66 49 78
78 6 87
3 6 78
49 3 78
66 82 49
11 49 82
31 51 65
62 51 31
68 32 6
11 3 49
3 68 6
23 84 62
62 56 51
68 36 32
97 43 58
79 62 84
79 56 62
23 33 84
36 43 97
19 56 79
19 80 56
56 66 51
99 11 82
56 82 66
56 99 82
68 13 36
40 33 75
86 68 3
40 84 33
60 33 23
13 43 36
40 73 84
73 79 84
79 9 19
56 34 99
80 34 56
73 9 79
11 86 3
27 73 40
30 43 13
99 86 11
9 80 19
93 68 86
93 13 68
75 27 40
28 93 86
96 30 13
25 85 34
93 96 13
75 74 27
80 25 34
30 67 43
85 99 34
9 25 80
99 28 86
25 89 85
28 69 47
33 74 75
47 93 28
85 28 99
85 69 28
20 88 74
88 27 74
85 8 69
88 73 27
88 9 73
89 8 85
88 71 9
71 25 9
71 90 25
90 89 25
35 8 89
45 88 20
96 67 30
48 71 88
93 15 96
71 59 90
45 48 88
90 35 89
47 15 93
35 77 8
48 59 71
15 67 96
90 44 35
29 67 15
21 48 45
12 67 29
10 90 59
10 44 90
4 35 44
61 12 29
15 92 29
77 69 8
20 21 45
4 77 35
92 61 29
69 15 47
7 4 44
10 7 44
48 10 59
46 67 12
77 15 69
91 61 92
10 38 7
4 50 77
50 94 77
94 15 77
94 92 15
7 0 4
94 91 92
38 0 7
0 50 4
91 98 61
94 83 91
26 83 94
98 12 61
98 46 12
2 10 48
21 2 48
46 76 57
83 98 91
2 38 10
98 76 46
16 2 21
16 22 2
98 70 76
0 81 95
76 24 57
38 81 0
81 52 95
70 24 76
95 50 0
2 81 38
50 26 94
95 26 50
33 20 74
52 26 95
83 70 98
22 81 2
57 67 46
26 70 83
52 70 26
52 24 70
33 21 20
67 58 43
60 21 33
57 58 67
81 24 52
24 58 57
