149 10 23
10 148 178
149 91 10
7 99 91
165 59 10
195 165 10
59 148 10
149 7 91
148 17 178
14 17 148
23 126 149
83 190 59
190 148 59
99 10 91
48 148 190
48 45 148
62 45 48
34 126 23
99 195 10
145 149 126
145 7 149
62 184 45
61 99 7
145 61 7
199 126 34
137 83 59
62 0 184
165 137 59
18 165 195
126 124 145
124 177 145
83 48 190
199 124 126
153 107 45
184 153 45
62 176 0
177 61 145
105 0 176
105 184 0
99 18 195
61 18 99
38 45 107
84 62 48
83 84 48
77 176 62
175 165 18
84 77 62
175 137 165
38 148 45
83 150 84
92 61 177
38 14 148
105 153 184
123 38 107
158 18 61
138 14 38
18 140 175
138 192 14
133 18 158
137 150 83
139 77 84
92 158 61
153 123 107
114 123 153
124 92 177
123 138 38
152 158 92
25 14 192
25 17 14
143 137 175
150 139 84
77 105 176
105 114 153
133 140 18
77 197 105
192 44 25
133 110 140
69 197 77
197 114 105
137 121 150
140 143 175
139 69 77
121 139 150
197 1 114
143 121 137
66 192 138
123 66 138
66 44 192
21 121 143
110 143 140
199 163 124
92 104 152
163 92 124
55 197 69
21 76 121
139 35 69
163 104 92
146 158 152
114 66 123
172 25 44
146 133 158
58 17 25
35 55 69
66 172 44
104 146 152
110 21 143
103 25 172
121 35 139
103 58 25
64 172 66
159 21 110
1 66 114
87 66 1
55 1 197
159 196 21
55 19 1
196 76 21
19 87 1
130 101 76
146 110 133
64 103 172
196 130 76
67 55 35
101 121 76
39 55 67
168 104 163
101 35 121
104 27 146
64 47 103
87 64 66
39 5 55
5 19 55
101 67 35
168 42 104
162 146 27
19 147 87
146 159 110
42 27 104
95 196 159
9 27 42
162 159 146
196 125 130
116 125 196
113 101 130
125 113 130
95 116 196
147 64 87
134 42 168
5 136 19
136 147 19
63 47 64
173 9 42
147 63 64
103 174 58
47 174 103
41 174 47
78 42 134
78 173 42
9 162 27
134 89 78
162 95 159
9 3 162
58 178 17
95 117 155
155 116 95
113 29 75
75 101 113
63 41 47
125 29 113
26 41 63
162 117 95
151 58 174
75 67 101
3 117 162
26 50 41
173 3 9
116 29 125
167 147 136
75 39 67
41 151 174
167 63 147
136 16 167
12 78 89
173 141 3
116 185 29
12 173 78
50 151 41
155 185 116
141 117 3
5 31 136
31 16 136
50 22 151
167 26 63
185 75 29
155 98 185
161 170 141
39 31 5
75 31 39
117 98 155
199 168 163
173 161 141
108 185 98
75 144 31
12 161 173
50 36 22
53 161 12
26 33 50
53 131 161
170 117 141
185 144 75
198 36 50
33 198 50
170 32 117
32 98 117
33 109 198
167 33 26
160 16 31
198 94 36
73 98 32
108 144 185
88 170 161
51 73 32
167 90 33
144 160 31
131 88 161
154 32 170
74 109 33
88 154 170
134 12 89
93 60 108
119 32 154
16 90 167
108 28 144
60 28 108
24 60 93
32 164 51
119 164 32
90 74 33
93 49 24
112 51 164
98 93 108
73 93 98
112 73 51
160 90 16
109 94 198
106 36 94
79 90 160
49 60 24
6 93 73
82 90 79
6 49 93
112 6 73
106 22 36
6 20 49
94 71 106
180 79 160
144 180 160
28 180 144
109 71 94
20 8 49
169 8 20
49 28 60
8 28 49
74 71 109
180 82 79
71 57 106
179 8 169
88 119 154
118 6 112
171 180 28
8 171 28
6 169 20
6 179 169
119 112 164
119 118 112
52 82 180
156 6 118
171 52 180
46 52 171
90 71 74
97 90 82
8 46 171
81 6 156
52 97 82
90 166 71
81 179 6
37 156 118
97 166 90
119 37 118
88 37 119
191 37 88
166 57 71
13 131 53
13 88 131
13 191 88
188 156 37
179 46 8
166 54 57
46 142 52
188 81 156
182 81 188
135 54 166
86 135 166
142 97 52
13 80 191
115 142 46
179 127 46
127 115 46
129 81 182
81 127 179
111 80 13
102 142 187
129 181 81
129 183 181
80 37 191
86 100 135
115 187 142
97 86 166
189 86 97
30 187 115
189 186 86
186 100 86
37 132 188
129 11 183
80 132 37
132 182 188
127 30 115
12 13 53
193 135 100
102 97 142
193 54 135
181 127 81
132 129 182
4 127 181
187 72 102
102 189 97
11 181 183
132 70 128
96 189 102
72 96 102
4 56 127
80 70 132
11 4 181
122 56 4
30 72 187
2 122 4
96 65 189
120 193 100
43 4 11
43 2 4
132 11 129
65 157 189
186 120 100
40 56 122
2 40 122
56 30 127
85 128 70
111 70 80
189 15 186
157 15 189
132 43 11
199 134 168
128 43 132
194 30 56
85 43 128
15 120 186
40 194 56
68 70 111
13 68 111
194 72 30
68 85 70
54 106 57
43 40 2
72 65 96
194 65 72
54 22 106
65 15 157
85 40 43
85 194 40
194 15 65
54 151 22
12 68 13
134 68 12
34 134 199
54 58 151
34 68 134
