137 64 103
7 3 103
137 144 64
30 159 64
7 18 3
136 64 159
197 3 18
137 33 144
99 144 33
12 18 7
70 64 144
70 30 64
51 76 7
76 12 7
99 70 144
23 197 18
138 193 76
18 150 23
131 106 92
92 76 51
193 12 76
32 18 12
193 32 12
32 150 18
159 2 136
106 76 92
30 2 159
106 138 76
166 106 131
169 137 103
118 48 166
30 16 2
48 106 166
199 48 118
169 135 137
195 197 23
3 169 103
150 195 23
123 137 135
70 16 30
24 32 193
46 16 70
99 46 70
123 33 137
148 2 16
33 40 99
81 16 46
40 46 99
81 148 16
134 2 148
197 169 3
123 40 33
123 85 40
165 48 199
24 60 149
138 24 193
138 60 24
195 169 197
81 134 148
138 19 60
149 163 24
163 32 24
118 165 199
106 19 138
135 128 123
55 165 6
55 48 165
163 150 32
40 104 46
104 81 46
65 163 149
60 65 149
169 128 135
128 85 123
106 15 19
9 128 169
163 195 150
55 106 48
55 15 106
19 65 60
85 104 40
163 173 195
9 14 128
171 81 104
102 128 14
195 146 169
146 9 169
146 132 9
163 69 173
15 161 19
161 65 19
81 31 134
102 85 128
171 31 81
102 113 85
171 174 31
113 177 85
177 104 85
173 146 195
55 139 15
152 9 132
152 14 9
152 102 14
84 65 161
113 126 177
139 161 15
139 84 161
102 77 113
34 126 113
77 34 113
126 104 177
133 104 126
152 77 102
146 152 132
173 119 146
133 171 104
65 69 163
168 152 146
168 89 152
192 173 69
119 168 146
192 119 173
34 133 126
145 168 119
192 67 119
67 145 119
152 66 77
194 171 133
89 66 152
164 89 168
66 34 77
124 67 192
145 164 168
67 178 145
198 67 124
194 174 171
50 139 55
167 65 84
167 69 65
178 164 145
167 192 69
167 124 192
41 84 139
6 50 55
194 58 174
41 167 84
101 89 164
101 66 89
50 41 139
198 178 67
198 21 178
66 133 34
129 41 50
58 31 174
88 41 93
43 133 66
129 68 41
68 93 41
101 43 66
190 198 187
88 167 41
190 21 198
167 198 124
39 108 101
164 39 101
43 194 133
88 180 49
93 180 88
57 190 187
178 39 164
108 43 101
68 180 93
114 58 194
188 68 129
167 187 198
88 94 167
21 39 178
43 114 194
49 94 88
167 57 187
94 57 167
108 44 43
180 37 49
94 143 57
17 44 108
37 74 49
74 94 49
50 188 129
80 37 180
50 122 188
43 154 114
44 154 43
4 186 190
57 4 190
186 21 190
109 143 94
154 87 114
39 17 108
13 17 39
74 109 94
22 58 114
17 112 44
68 80 180
50 175 122
188 80 68
98 13 39
21 98 39
22 172 58
87 22 114
186 98 21
143 4 57
188 185 80
80 74 37
13 160 17
160 112 17
112 154 44
143 95 4
95 186 4
122 185 188
143 147 95
13 20 160
160 141 112
185 74 80
122 130 185
141 154 112
151 160 20
109 147 143
151 141 160
110 74 185
22 45 172
130 110 185
186 181 98
74 0 109
110 0 74
98 20 13
95 181 186
0 147 109
130 8 110
175 130 122
100 22 87
151 59 141
90 175 153
22 79 45
90 130 175
151 5 59
115 151 20
28 147 0
142 28 0
153 63 90
181 20 98
127 147 28
100 79 22
147 181 95
181 115 20
86 127 28
183 154 141
59 183 141
91 115 181
183 87 154
183 100 87
110 142 0
115 5 151
90 8 130
78 91 181
82 8 90
78 105 91
142 86 28
36 105 78
147 78 181
8 142 110
100 42 47
127 78 147
47 79 100
47 176 79
116 142 8
63 82 90
5 183 59
182 162 63
183 42 100
172 31 58
86 71 127
162 82 63
82 116 8
82 38 116
115 189 5
105 115 91
71 78 127
162 157 82
86 107 71
25 47 42
52 162 182
189 183 5
25 176 47
153 182 63
36 75 105
71 36 78
75 115 105
116 86 142
157 38 82
116 107 86
71 10 36
26 79 176
75 189 115
75 121 189
62 121 75
26 45 79
10 75 36
52 157 162
134 136 2
25 26 176
107 10 71
25 191 26
52 27 157
52 117 27
189 42 183
10 62 75
27 38 157
191 73 26
121 111 189
189 25 42
62 125 121
52 140 117
38 107 116
179 25 189
125 111 121
111 179 189
117 11 27
170 62 10
27 184 38
11 184 27
56 10 107
120 117 140
56 170 10
11 35 184
117 1 11
38 56 107
50 153 175
155 56 38
155 96 56
184 155 38
140 29 120
191 196 73
179 156 25
125 61 111
72 156 179
97 184 35
56 53 170
156 191 25
120 1 117
11 54 35
1 54 11
97 155 184
54 97 35
158 196 191
170 125 62
111 83 179
61 83 111
156 158 191
52 29 140
83 72 179
29 1 120
96 53 56
53 125 170
29 54 1
165 50 6
72 158 156
53 61 125
97 96 155
31 136 134
83 158 72
73 45 26
53 83 61
97 53 96
165 153 50
73 172 45
54 53 97
172 136 31
153 52 182
54 83 53
73 136 172
