122 174 102
103 122 27
103 78 122
17 174 122
17 132 174
161 78 103
82 132 17
104 122 78
17 53 82
49 53 17
174 0 102
104 116 122
0 197 102
197 8 102
49 1 53
57 132 82
186 60 27
60 103 27
57 150 132
116 17 122
101 60 186
143 104 78
143 88 104
60 47 103
161 143 78
47 173 103
88 116 104
87 17 116
17 67 49
67 1 49
150 174 132
57 149 150
70 0 174
4 88 143
161 167 143
87 67 17
197 65 8
177 60 101
1 82 53
186 31 101
169 173 47
11 82 1
150 70 174
11 57 82
67 11 1
169 182 173
31 177 101
167 4 143
173 161 103
144 173 182
144 161 173
177 47 60
144 167 161
4 58 88
152 150 149
152 70 150
197 43 65
70 197 0
13 4 167
144 13 167
144 121 13
58 116 88
58 87 116
92 11 67
177 169 47
11 188 57
188 149 57
29 121 144
87 92 67
70 43 197
13 108 4
108 58 4
188 152 149
36 87 58
29 7 121
24 43 70
148 70 152
7 13 121
7 108 13
108 145 58
145 36 58
148 24 70
87 79 92
92 188 11
145 193 36
5 145 108
87 28 79
7 5 108
185 169 177
184 193 145
36 28 87
182 29 144
169 29 182
38 24 148
31 185 177
142 5 7
188 148 152
193 28 36
160 7 29
169 160 29
160 142 7
5 184 145
188 99 148
79 188 92
6 99 188
185 160 169
142 2 5
2 184 5
99 38 148
79 6 188
99 159 38
160 89 142
41 184 2
159 24 38
185 80 160
180 80 185
185 83 180
33 89 160
80 33 160
99 50 159
96 142 89
96 2 142
193 52 28
180 166 80
6 64 99
64 50 99
68 64 6
79 68 6
96 41 2
124 50 64
190 184 41
184 52 193
153 113 50
190 52 184
41 46 190
96 46 41
95 52 190
35 50 124
35 153 50
83 166 180
28 68 79
166 33 80
192 68 28
192 126 68
33 96 89
46 95 190
52 192 28
95 59 52
68 124 64
117 50 113
20 95 46
109 33 166
52 100 192
83 109 166
59 100 52
112 50 117
112 159 50
153 117 113
112 24 159
100 63 192
73 109 83
83 199 73
63 126 192
195 153 35
195 117 153
162 24 112
162 43 24
126 124 68
46 51 20
83 85 199
35 14 195
126 35 124
100 119 63
185 85 83
20 59 95
96 51 46
35 26 14
59 90 100
171 199 85
126 26 35
96 125 51
90 119 100
48 90 59
109 96 33
73 76 109
73 136 76
195 112 117
26 175 14
171 73 199
20 48 59
175 195 14
20 137 48
51 137 20
109 125 96
171 136 73
171 75 136
63 26 126
31 85 185
119 71 63
71 26 63
76 125 109
75 21 136
21 76 136
76 98 125
129 98 76
187 137 51
125 187 51
3 43 162
21 129 76
98 187 125
138 21 75
26 94 175
175 69 195
69 112 195
171 138 75
69 162 112
44 21 138
71 94 26
106 69 175
18 94 71
94 106 175
90 71 119
3 65 43
69 3 162
21 12 129
134 18 71
44 12 21
163 12 44
42 187 98
129 42 98
12 42 129
69 111 3
118 12 163
69 128 111
168 137 187
19 15 69
90 134 71
156 44 138
111 65 3
106 19 69
156 163 44
171 156 138
15 128 69
134 61 18
48 134 90
163 40 118
168 48 137
42 168 187
168 134 48
42 86 168
181 86 42
106 179 19
156 40 163
120 130 134
168 120 134
40 158 118
34 61 134
130 34 134
158 12 118
179 15 19
61 94 18
84 158 40
12 62 42
158 62 12
40 25 84
54 94 61
156 25 40
157 25 156
54 106 94
85 156 171
164 157 156
25 32 84
74 34 130
62 181 42
54 179 106
120 74 130
34 54 61
183 54 34
168 176 120
74 183 34
32 158 84
164 147 157
66 62 158
86 176 168
176 74 120
147 25 157
135 74 176
22 135 176
54 39 179
135 140 74
164 170 147
32 66 158
140 183 74
81 181 62
55 66 32
178 22 176
86 178 176
23 25 147
23 32 25
23 55 32
66 81 62
54 37 39
37 191 39
86 133 178
181 154 86
154 133 86
170 23 147
189 22 178
81 154 181
170 97 23
133 189 178
9 22 189
183 37 54
66 198 81
30 9 189
22 105 135
105 140 135
9 105 22
154 127 133
127 189 133
189 123 30
127 123 189
97 165 23
139 105 9
165 55 23
30 139 9
191 93 39
93 179 39
55 198 66
110 165 97
55 131 198
123 139 30
55 146 131
93 15 179
165 146 55
146 141 131
56 165 110
141 198 131
198 154 81
93 128 15
151 105 139
77 72 93
93 91 128
93 172 77
107 140 105
72 91 93
115 191 37
140 37 183
105 45 107
107 37 140
151 45 105
154 155 127
107 115 37
172 72 77
194 10 151
10 45 151
146 196 141
198 155 154
155 123 127
114 16 56
123 151 139
123 194 151
170 110 97
115 93 191
110 114 56
196 198 141
196 155 198
16 165 56
16 146 165
155 194 123
170 114 110
115 172 93
16 196 146
45 115 107
155 10 194
10 115 45
115 72 172
114 196 16
196 10 155
91 111 128
31 156 85
111 8 65
186 156 31
10 72 115
114 10 196
10 91 72
