26 4 15
47 36 8
2 8 15
25 4 26
47 23 36
8 13 47
22 15 4
2 13 8
22 2 15
22 29 2
48 29 22
10 47 13
27 10 13
10 23 47
23 43 37
10 43 23
48 14 29
1 14 48
22 1 48
2 27 13
29 27 2
19 4 25
14 27 29
3 1 22
4 3 22
19 3 4
19 34 3
44 34 19
20 10 27
14 20 27
14 28 20
20 43 10
41 43 20
28 32 20
32 41 20
1 5 14
3 5 1
40 28 14
5 40 14
40 42 28
11 18 44
19 11 44
17 5 3
34 17 3
41 37 43
49 18 11
18 34 44
42 32 28
0 40 5
12 24 17
17 0 5
39 42 40
0 39 40
24 0 17
18 17 34
18 12 17
42 9 32
9 41 32
39 9 42
33 39 0
24 33 0
38 33 24
38 46 33
31 24 12
16 37 41
31 38 24
9 16 41
18 31 12
6 38 31
18 35 31
35 6 31
49 35 18
7 38 6
30 16 9
45 9 39
33 45 39
21 16 30
35 7 6
7 46 38
46 45 33
45 30 9
7 45 46
16 23 37
45 21 30
16 36 23
26 19 25
26 11 19
7 21 45
