93 44 29
93 41 44
23 7 93
44 35 29
41 6 44
53 2 38
29 2 53
2 97 38
13 29 35
80 41 93
41 18 6
2 58 97
38 48 53
13 2 29
6 35 44
93 59 80
7 59 93
3 7 23
80 18 41
35 19 13
22 6 18
19 0 13
22 35 6
19 69 0
22 19 35
51 69 19
58 71 97
0 2 13
97 48 38
97 56 48
71 56 97
0 16 2
95 0 69
16 58 2
3 59 7
10 51 19
51 95 69
22 10 19
22 43 10
80 22 18
15 80 59
95 16 0
51 20 95
88 80 15
16 71 58
95 74 16
3 15 59
20 74 95
10 20 51
88 22 80
33 43 22
88 33 22
74 91 16
91 71 16
71 32 56
73 88 15
70 88 27
43 20 10
71 40 32
73 27 88
70 33 88
3 73 15
60 27 73
76 4 99
91 40 71
99 40 91
4 40 99
3 17 73
17 60 73
74 14 91
14 99 91
3 49 17
14 76 99
20 14 74
78 32 40
49 26 17
25 76 14
26 60 17
33 20 43
20 72 14
4 78 40
25 4 76
60 70 27
49 92 26
62 92 49
33 72 20
81 60 26
79 46 25
46 4 25
67 78 4
14 54 25
72 54 14
46 67 4
54 79 25
92 81 26
67 42 78
52 60 81
52 70 60
70 65 33
50 92 62
65 72 33
55 42 67
46 9 67
37 92 50
3 62 49
9 55 67
83 81 92
37 83 92
52 65 70
72 90 54
36 65 52
83 52 81
90 84 54
84 79 54
84 46 79
72 68 90
65 68 72
83 36 52
45 65 36
84 9 46
87 36 83
86 87 83
90 47 84
37 86 83
50 96 37
68 64 90
96 86 37
87 45 36
64 47 90
84 11 9
11 55 9
30 65 45
47 11 84
87 30 45
39 47 8
39 11 47
28 65 30
39 77 11
64 8 47
30 12 28
28 68 65
96 1 86
68 75 64
24 1 96
1 87 86
77 55 11
94 1 24
75 8 64
87 12 30
28 75 68
57 39 8
89 87 1
5 39 98
57 98 39
75 57 8
77 42 55
5 77 39
89 12 87
94 89 1
5 85 77
28 34 75
63 98 57
5 61 85
66 28 12
94 21 89
31 66 12
85 42 77
63 5 98
89 31 12
66 34 28
34 57 75
21 31 89
34 63 57
82 31 21
94 82 21
63 61 5
31 34 66
3 50 62
31 63 34
85 78 42
50 24 96
85 32 78
31 61 63
82 61 31
