135 90 8
40 172 109
40 42 172
15 90 135
42 149 172
172 87 8
120 87 172
40 58 42
67 135 8
40 25 58
145 25 40
87 67 8
149 120 172
137 145 40
183 149 42
190 149 34
190 120 149
183 34 149
58 43 42
145 18 25
61 90 15
144 135 67
137 121 145
62 40 109
121 18 145
42 27 183
43 27 42
73 144 67
121 89 18
144 15 135
62 137 40
18 58 25
87 73 67
144 91 15
113 183 27
27 44 113
165 144 73
69 137 62
181 69 62
121 101 89
69 197 137
197 121 137
183 190 34
118 73 87
120 118 87
91 61 15
144 77 91
190 118 120
197 101 121
89 199 18
199 58 18
118 165 73
165 77 144
113 190 183
199 43 58
89 152 199
56 44 27
101 152 89
132 152 101
43 56 27
78 61 91
189 101 197
199 56 43
69 196 197
196 189 197
118 45 165
91 174 78
77 174 91
181 196 69
189 132 101
45 77 165
154 77 45
131 199 152
105 45 118
41 105 118
51 90 61
78 51 61
154 68 77
131 56 199
68 174 77
190 41 118
44 167 113
152 193 131
68 24 174
180 132 189
132 193 152
56 167 44
167 190 113
37 190 167
37 41 190
196 180 189
126 68 154
126 66 68
86 193 132
24 78 174
66 24 68
180 86 132
47 86 180
107 167 56
105 154 45
150 24 66
54 107 56
78 6 51
26 180 196
151 26 196
24 6 78
131 54 56
105 126 154
126 150 66
11 26 151
26 47 180
192 126 105
110 86 47
193 54 131
54 7 107
186 47 26
188 7 54
193 188 54
186 110 47
181 151 196
37 80 41
126 114 150
80 105 41
80 192 105
72 24 150
80 148 192
72 6 24
151 12 11
193 130 188
114 72 150
11 186 26
126 64 114
148 28 192
130 98 188
192 64 126
28 64 192
86 130 193
191 11 12
88 28 148
64 173 114
98 7 188
191 186 11
50 64 28
173 112 114
112 72 114
7 167 107
81 110 186
88 50 28
7 37 167
110 130 86
72 14 6
14 49 6
112 94 72
130 124 98
94 14 72
181 12 151
7 146 37
98 134 7
191 81 186
49 51 6
46 14 94
134 32 7
146 80 37
32 146 7
110 104 130
146 178 80
124 134 98
12 20 191
62 12 181
97 14 46
161 88 148
80 161 148
104 124 130
112 46 94
97 99 14
178 161 80
81 104 110
99 49 14
173 96 112
134 184 32
32 83 146
64 96 173
95 134 124
104 65 124
50 96 64
65 95 124
83 178 146
96 46 112
65 23 95
55 161 178
83 55 178
95 184 134
20 81 191
104 52 65
184 83 32
2 83 184
129 125 96
50 129 96
161 50 88
96 97 46
2 106 83
182 81 20
161 129 50
106 55 83
96 185 97
52 23 65
125 185 96
198 125 129
104 103 52
138 55 106
35 159 2
95 2 184
17 198 129
39 125 198
84 81 182
159 106 2
39 185 125
81 103 104
84 103 81
122 161 55
185 99 97
138 122 55
74 106 159
23 2 95
185 100 99
74 138 106
100 49 99
23 35 2
74 127 138
161 17 129
17 39 198
176 185 39
35 74 159
122 17 161
84 60 103
60 52 103
39 29 176
143 35 23
92 176 29
79 84 182
52 143 23
79 170 84
60 143 52
127 122 138
17 29 39
140 100 160
127 70 122
176 100 185
176 160 100
170 60 84
92 48 176
48 160 176
1 48 92
143 74 35
33 70 127
160 13 140
5 160 48
5 13 160
163 60 170
70 17 122
147 93 143
60 147 143
74 33 127
147 164 93
29 30 92
30 1 92
75 48 1
59 48 75
30 75 1
20 79 182
85 17 70
59 5 48
187 70 33
170 0 163
140 49 100
79 0 170
143 33 74
17 30 29
70 155 85
187 155 70
163 147 60
85 30 17
93 123 143
123 33 143
16 108 0
141 93 164
5 9 13
19 155 187
108 163 0
85 57 30
79 16 0
115 85 155
93 153 123
141 153 93
169 16 79
123 187 33
115 57 85
108 147 163
147 141 164
157 19 187
59 9 5
123 157 187
30 59 75
57 194 30
194 59 30
16 76 108
175 9 116
9 117 116
10 108 76
19 115 155
10 147 108
117 175 116
10 141 147
139 59 194
59 117 9
139 117 59
102 117 139
133 169 166
22 158 194
102 142 117
158 139 194
38 194 57
142 175 117
10 177 141
133 16 169
38 22 194
133 76 16
82 57 115
82 38 57
153 157 123
168 133 166
63 157 153
175 13 9
36 19 157
141 63 153
20 169 79
63 36 157
36 115 19
177 63 141
179 115 36
179 82 115
177 119 63
4 179 36
82 128 38
133 10 76
82 31 128
36 136 4
133 195 10
128 22 38
63 136 36
162 133 168
21 136 63
82 71 31
128 158 22
139 156 102
195 177 10
158 156 139
119 21 63
156 142 102
111 4 136
179 71 82
111 179 4
162 195 133
21 111 136
3 21 119
171 53 111
53 179 111
21 171 111
177 3 119
128 156 158
175 140 13
53 71 179
195 3 177
156 175 142
20 166 169
31 156 128
3 171 21
71 156 31
62 20 12
20 168 166
162 3 195
109 20 62
53 156 71
140 51 49
109 168 20
140 90 51
162 171 3
