420 210 0 210 317 1 420 304 1 304 421 0 421 229 0 229 267 0 267 309 0 309 391 1 229 165 1 391 403 0 403 434 1 434 270 1 434 4 1 4 192 1 192 225 0 225 116 0 116 404 1 116 107 1 192 379 1 379 449 0 192 73 1 73 292 1 107 373 1 373 254 0 254 301 0 254 187 0 187 91 0 91 155 0 91 164 1 91 299 0 299 102 0 102 476 1 299 190 1 190 311 1 476 222 1 311 295 1 295 157 1 403 436 0 102 419 0 449 227 0 227 50 0 373 43 1 43 41 1 41 66 1 41 125 0 125 160 1 160 428 0 428 189 0 189 425 1 157 398 0 398 467 1 467 280 1 280 490 0 280 464 3 464 355 0 355 393 0 393 259 1 393 235 0 235 462 1 235 111 1 111 356 0 464 46 0 46 497 0 497 338 0 338 303 1 303 486 1 486 388 1 388 440 1 303 228 0 497 71 0 71 466 0 466 238 0 466 149 0 149 234 0 149 108 0 238 208 0 228 113 0 228 378 1 208 54 0 54 233 1 165 316 1 316 417 1 317 78 1 78 326 1 78 277 0 326 74 1 74 394 0 394 105 1 105 431 1 431 406 0 74 39 1 74 166 0 166 121 0 121 70 1 70 439 0 439 32 0 431 438 2 438 184 1 184 278 1 278 268 0 278 106 1 268 376 0 376 323 1 323 36 0 378 330 1 330 29 1 29 400 1 400 152 0 152 324 1 324 193 0 193 478 1 478 455 1 455 85 0 85 347 1 347 441 0 441 353 1 353 319 0 324 92 0 92 493 1 493 146 1 146 97 1 97 2 0 97 56 1 56 183 0 183 318 0 318 359 1 183 257 0 257 120 0 257 211 0 211 334 0 334 346 1 346 101 0 101 224 0 224 115 1 334 181 0 115 487 1 487 57 1 57 253 1 253 38 1 38 98 0 98 271 0 98 396 0 271 484 1 484 372 1 372 458 1 458 416 0 57 333 0 333 201 0 201 241 0 241 491 0 201 335 0 335 410 0 410 25 0 57 285 1 285 262 0 285 199 1 262 40 1 40 282 0 282 422 0 422 329 1 329 363 0 363 350 1 350 473 0 282 351 1 351 81 0 351 9 0 9 188 1 188 53 0 40 246 0 246 339 1 339 202 0 202 269 1 269 142 0 142 495 0 495 177 1 177 93 0 495 348 1 348 80 0 93 173 0 142 263 0 263 342 0 342 469 0 9 205 1 339 3 0 410 310 1 310 44 1 44 471 0 471 477 0 477 306 0 471 369 0 306 247 0 247 409 0 409 448 0 448 296 0 120 122 1 122 49 0 350 407 1 407 481 1 36 61 0 61 16 1 16 212 0 212 276 0 276 176 0 176 331 1 331 231 0 231 397 1 397 451 0 231 12 0 12 175 0 451 274 0 274 22 1 175 100 1 274 261 1 276 384 0 61 284 0 284 124 0 316 17 0 17 137 0 137 320 0 46 232 1 292 156 0 93 258 1 258 118 0 118 250 0 92 377 1 425 294 1 294 20 1 417 134 0 134 237 2 134 45 0 45 24 0 24 141 1 141 119 1 119 387 0 141 220 1 220 162 0 162 442 0 442 352 1 141 321 1 321 472 1 472 371 1 371 64 1 472 336 1 336 405 1 405 411 0 411 13 0 411 452 0 452 239 0 336 385 1 239 488 1 488 249 1 488 498 1 498 474 1 438 27 0 27 390 0 390 236 0 236 191 0 236 52 0 52 48 0 48 168 1 48 182 0 182 221 1 182 283 0 283 297 0 297 112 1 297 364 1 364 58 0 58 140 0 364 34 0 221 408 1 34 256 0 256 426 1 426 344 0 344 245 1 245 28 0 28 133 0 133 14 0 245 154 0 154 203 1 154 327 1 327 437 1 437 55 0 14 200 1 200 37 1 34 412 1 276 293 0 293 8 0 8 275 1 275 281 0 281 361 1 361 291 0 275 77 1 14 204 0 204 308 1 308 402 0 402 444 1 402 360 1 360 128 0 128 69 0 308 325 0 325 47 1 47 445 0 445 179 1 445 163 1 179 83 0 83 217 0 83 42 0 42 82 0 82 389 0 389 279 0 279 59 1 59 172 0 172 468 0 468 300 1 360 499 1 499 170 1 170 110 1 170 265 1 265 382 0 110 500 0 500 375 1 375 368 1 368 314 0 128 240 1 240 84 0 240 483 1 483 171 0 42 138 0 138 251 1 251 95 1 171 302 0 302 358 1 358 380 0 380 198 1 95 370 0 370 207 0 380 216 0 216 475 0 475 215 0 215 90 0 90 87 0 87 252 0 87 414 1 414 413 0 413 260 0 413 457 1 457 460 0 460 433 0 433 459 1 459 219 0 459 288 1 288 248 1 248 454 0 454 432 0 432 158 0 219 366 0 366 349 0 349 148 1 349 242 0 242 26 0 26 131 1 26 30 1 30 289 1 260 341 0 341 287 0 287 23 0 23 357 0 357 479 1 479 290 1 290 67 0 67 374 1 374 446 0 479 130 0 446 244 1 244 21 1 21 226 0 374 88 0 88 492 0 88 5 0 5 332 1 332 415 0 415 494 0 244 7 1 7 104 1 226 123 0 123 75 0 75 63 0 494 298 0 298 470 1 470 392 1 392 60 0 392 65 1 65 345 1 65 423 1 423 465 0 465 230 1 230 337 1 337 147 0 423 151 0 147 450 1 450 381 1 381 315 0 315 399 1 399 196 0 196 132 0 315 255 1 196 72 1 315 18 1 72 365 1 132 395 0 60 328 0 328 10 1 10 51 1 51 86 1 86 89 1 86 264 0 264 135 1 264 209 1 89 150 0 10 197 0 423 1 1 395 136 0 136 496 1 136 489 1 489 169 1 169 354 1 354 185 1 131 266 1 266 117 0 117 461 0 461 33 1 33 453 0 461 186 1 117 19 0 300 96 1 96 305 0 96 480 0 480 362 1 362 145 1 145 424 0 424 167 1 167 195 0 195 343 0 343 109 1 109 180 1 289 62 1 110 273 1 273 159 1 159 427 1 427 443 0 226 127 1 84 153 0 334 435 0 319 143 1 143 485 0 143 15 1 15 482 1 482 161 1 161 129 0 15 447 1 129 11 1 11 340 1 485 383 1 383 463 1 463 144 0 463 76 0 173 139 1 139 223 0 180 206 0 133 31 1 31 286 0 286 213 1 61 456 0 456 313 0 313 243 0 456 322 0 322 174 0 174 218 0 218 79 1 77 114 1 114 99 1 99 367 0 367 307 0 367 214 0 62 194 1 194 6 1 6 312 0 312 94 1 341 68 1 93 103 1 94 35 1 70 178 0 178 126 0 126 401 0 178 418 0 418 386 1 319 430 1 430 429 1 135 272 0 
156239.743400
1000
1 156418.453000
2 156418.453000
3 156418.453000
4 156418.453000
5 156397.743000
6 156397.743000
7 156397.743000
8 156397.743000
9 156397.743000
10 156397.743000
11 156397.743000
12 156383.660200
13 156383.660200
14 156383.660200
15 156383.660200
16 156383.660200
17 156383.660200
18 156383.660200
19 156383.660200
20 156383.660200
21 156383.660200
22 156383.660200
23 156383.660200
24 156383.660200
25 156383.660200
26 156383.660200
27 156383.660200
28 156383.660200
29 156383.660200
30 156383.660200
31 156383.660200
32 156383.660200
33 156383.660200
34 156383.660200
35 156383.660200
36 156383.660200
37 156383.660200
38 156383.660200
39 156383.660200
40 156383.660200
41 156383.660200
42 156383.660200
43 156383.660200
44 156383.660200
45 156383.660200
46 156383.660200
47 156383.660200
48 156383.660200
49 156383.660200
50 156383.660200
51 156383.660200
52 156383.660200
53 156383.660200
54 156383.660200
55 156383.660200
56 156383.660200
57 156383.660200
58 156383.660200
59 156383.660200
60 156383.660200
61 156383.660200
62 156383.660200
63 156383.660200
64 156383.660200
65 156383.660200
66 156383.660200
67 156383.660200
68 156383.660200
69 156383.660200
70 156383.660200
71 156383.660200
72 156383.660200
73 156383.660200
74 156383.660200
75 156338.512400
76 156338.512400
77 156338.512400
78 156338.512400
79 156338.512400
80 156338.512400
81 156338.512400
82 156338.512400
83 156338.512400
84 156338.512400
85 156338.512400
86 156338.512400
87 156338.512400
88 156338.512400
89 156338.512400
90 156338.512400
91 156338.512400
92 156338.512400
93 156338.512400
94 156299.660200
95 156299.660200
96 156299.660200
97 156299.660200
98 156299.660200
99 156265.199000
100 156265.199000
101 156265.199000
102 156265.199000
103 156265.199000
104 156265.199000
105 156265.199000
106 156265.199000
107 156265.199000
108 156265.199000
109 156265.199000
110 156265.199000
111 156265.199000
112 156265.199000
113 156265.199000
114 156265.199000
115 156265.199000
116 156265.199000
117 156265.199000
118 156265.199000
119 156265.199000
120 156265.199000
121 156265.199000
122 156265.199000
123 156265.199000
124 156265.199000
125 156265.199000
126 156265.199000
127 156265.199000
128 156265.199000
129 156265.199000
130 156265.199000
131 156265.199000
132 156265.199000
133 156265.199000
134 156265.199000
135 156265.199000
136 156265.199000
137 156265.199000
138 156265.199000
139 156265.199000
140 156265.199000
141 156265.199000
142 156265.199000
143 156265.199000
144 156265.199000
145 156265.199000
146 156265.199000
147 156265.199000
148 156265.199000
149 156265.199000
150 156265.199000
151 156265.199000
152 156265.199000
153 156265.199000
154 156265.199000
155 156265.199000
156 156265.199000
157 156265.199000
158 156265.199000
159 156265.199000
160 156265.199000
161 156265.199000
162 156265.199000
163 156265.199000
164 156265.199000
165 156265.199000
166 156265.199000
167 156265.199000
168 156265.199000
169 156265.199000
170 156265.199000
171 156265.199000
172 156265.199000
173 156265.199000
174 156265.199000
175 156265.199000
176 156265.199000
177 156265.199000
178 156265.199000
179 156265.199000
180 156265.199000
181 156265.199000
182 156265.199000
183 156265.199000
184 156265.199000
185 156265.199000
186 156265.199000
187 156265.199000
188 156265.199000
189 156265.199000
190 156265.199000
191 156265.199000
192 156265.199000
193 156265.199000
194 156265.199000
195 156265.199000
196 156265.199000
197 156265.199000
198 156265.199000
199 156265.199000
200 156265.199000
201 156265.199000
202 156265.199000
203 156265.199000
204 156265.199000
205 156265.199000
206 156265.199000
207 156265.199000
208 156265.199000
209 156265.199000
210 156265.199000
211 156265.199000
212 156265.199000
213 156265.199000
214 156265.199000
215 156265.199000
216 156265.199000
217 156265.199000
218 156265.199000
219 156265.199000
220 156265.199000
221 156265.199000
222 156265.199000
223 156265.199000
224 156265.199000
225 156265.199000
226 156265.199000
227 156265.199000
228 156265.199000
229 156265.199000
230 156265.199000
231 156265.199000
232 156265.199000
233 156265.199000
234 156265.199000
235 156265.199000
236 156265.199000
237 156265.199000
238 156265.199000
239 156265.199000
240 156265.199000
241 156265.199000
242 156265.199000
243 156265.199000
244 156265.199000
245 156265.199000
246 156265.199000
247 156265.199000
248 156265.199000
249 156265.199000
250 156265.199000
251 156265.199000
252 156265.199000
253 156265.199000
254 156265.199000
255 156265.199000
256 156265.199000
257 156265.199000
258 156265.199000
259 156265.199000
260 156265.199000
261 156265.199000
262 156265.199000
263 156265.199000
264 156265.199000
265 156265.199000
266 156265.199000
267 156265.199000
268 156265.199000
269 156265.199000
270 156265.199000
271 156265.199000
272 156265.199000
273 156265.199000
274 156265.199000
275 156265.199000
276 156265.199000
277 156265.199000
278 156265.199000
279 156265.199000
280 156265.199000
281 156265.199000
282 156265.199000
283 156265.199000
284 156265.199000
285 156265.199000
286 156265.199000
287 156265.199000
288 156265.199000
289 156265.199000
290 156265.199000
291 156265.199000
292 156265.199000
293 156265.199000
294 156265.199000
295 156265.199000
296 156265.199000
297 156265.199000
298 156265.199000
299 156265.199000
300 156265.199000
301 156265.199000
302 156265.199000
303 156265.199000
304 156265.199000
305 156265.199000
306 156265.199000
307 156265.199000
308 156265.199000
309 156265.199000
310 156265.199000
311 156265.199000
312 156265.199000
313 156265.199000
314 156265.199000
315 156265.199000
316 156265.199000
317 156265.199000
318 156265.199000
319 156265.199000
320 156265.199000
321 156265.199000
322 156265.199000
323 156265.199000
324 156265.199000
325 156265.199000
326 156265.199000
327 156265.199000
328 156265.199000
329 156265.199000
330 156265.199000
331 156265.199000
332 156265.199000
333 156265.199000
334 156265.199000
335 156265.199000
336 156265.199000
337 156265.199000
338 156265.199000
339 156265.199000
340 156265.199000
341 156265.199000
342 156265.199000
343 156265.199000
344 156265.199000
345 156265.199000
346 156265.199000
347 156265.199000
348 156265.199000
349 156265.199000
350 156265.199000
351 156265.199000
352 156265.199000
353 156265.199000
354 156265.199000
355 156265.199000
356 156265.199000
357 156265.199000
358 156265.199000
359 156265.199000
360 156265.199000
361 156265.199000
362 156265.199000
363 156265.199000
364 156265.199000
365 156265.199000
366 156265.199000
367 156265.199000
368 156265.199000
369 156265.199000
370 156265.199000
371 156265.199000
372 156265.199000
373 156265.199000
374 156265.199000
375 156265.199000
376 156265.199000
377 156265.199000
378 156265.199000
379 156265.199000
380 156265.199000
381 156265.199000
382 156265.199000
383 156265.199000
384 156265.199000
385 156265.199000
386 156265.199000
387 156265.199000
388 156265.199000
389 156265.199000
390 156265.199000
391 156265.199000
392 156265.199000
393 156265.199000
394 156265.199000
395 156265.199000
396 156265.199000
397 156265.199000
398 156265.199000
399 156265.199000
400 156265.199000
401 156265.199000
402 156265.199000
403 156265.199000
404 156265.199000
405 156265.199000
406 156265.199000
407 156265.199000
408 156265.199000
409 156265.199000
410 156265.199000
411 156265.199000
412 156265.199000
413 156265.199000
414 156265.199000
415 156265.199000
416 156265.199000
417 156265.199000
418 156265.199000
419 156265.199000
420 156265.199000
421 156265.199000
422 156265.199000
423 156265.199000
424 156265.199000
425 156265.199000
426 156265.199000
427 156265.199000
428 156265.199000
429 156265.199000
430 156265.199000
431 156265.199000
432 156265.199000
433 156265.199000
434 156265.199000
435 156265.199000
436 156265.199000
437 156265.199000
438 156265.199000
439 156265.199000
440 156265.199000
441 156265.199000
442 156265.199000
443 156265.199000
444 156265.199000
445 156265.199000
446 156265.199000
447 156265.199000
448 156265.199000
449 156265.199000
450 156265.199000
451 156265.199000
452 156265.199000
453 156265.199000
454 156265.199000
455 156265.199000
456 156265.199000
457 156265.199000
458 156265.199000
459 156265.199000
460 156265.199000
461 156265.199000
462 156265.199000
463 156265.199000
464 156265.199000
465 156265.199000
466 156265.199000
467 156265.199000
468 156265.199000
469 156265.199000
470 156265.199000
471 156265.199000
472 156265.199000
473 156265.199000
474 156265.199000
475 156265.199000
476 156265.199000
477 156265.199000
478 156265.199000
479 156265.199000
480 156265.199000
481 156265.199000
482 156265.199000
483 156265.199000
484 156265.199000
485 156265.199000
486 156265.199000
487 156265.199000
488 156265.199000
489 156265.199000
490 156265.199000
491 156265.199000
492 156265.199000
493 156265.199000
494 156265.199000
495 156265.199000
496 156265.199000
497 156265.199000
498 156265.199000
499 156265.199000
500 156265.199000
501 156265.199000
502 156265.199000
503 156265.199000
504 156265.199000
505 156265.199000
506 156265.199000
507 156265.199000
508 156265.199000
509 156265.199000
510 156265.199000
511 156239.743400
512 156239.743400
513 156239.743400
514 156239.743400
515 156239.743400
516 156239.743400
517 156239.743400
518 156239.743400
519 156239.743400
520 156239.743400
521 156239.743400
522 156239.743400
523 156239.743400
524 156239.743400
525 156239.743400
526 156239.743400
527 156239.743400
528 156239.743400
529 156239.743400
530 156239.743400
531 156239.743400
532 156239.743400
533 156239.743400
534 156239.743400
535 156239.743400
536 156239.743400
537 156239.743400
538 156239.743400
539 156239.743400
540 156239.743400
541 156239.743400
542 156239.743400
543 156239.743400
544 156239.743400
545 156239.743400
546 156239.743400
547 156239.743400
548 156239.743400
549 156239.743400
550 156239.743400
551 156239.743400
552 156239.743400
553 156239.743400
554 156239.743400
555 156239.743400
556 156239.743400
557 156239.743400
558 156239.743400
559 156239.743400
560 156239.743400
561 156239.743400
562 156239.743400
563 156239.743400
564 156239.743400
565 156239.743400
566 156239.743400
567 156239.743400
568 156239.743400
569 156239.743400
570 156239.743400
571 156239.743400
572 156239.743400
573 156239.743400
574 156239.743400
575 156239.743400
576 156239.743400
577 156239.743400
578 156239.743400
579 156239.743400
580 156239.743400
581 156239.743400
582 156239.743400
583 156239.743400
584 156239.743400
585 156239.743400
586 156239.743400
587 156239.743400
588 156239.743400
589 156239.743400
590 156239.743400
591 156239.743400
592 156239.743400
593 156239.743400
594 156239.743400
595 156239.743400
596 156239.743400
597 156239.743400
598 156239.743400
599 156239.743400
600 156239.743400
601 156239.743400
602 156239.743400
603 156239.743400
604 156239.743400
605 156239.743400
606 156239.743400
607 156239.743400
608 156239.743400
609 156239.743400
610 156239.743400
611 156239.743400
612 156239.743400
613 156239.743400
614 156239.743400
615 156239.743400
616 156239.743400
617 156239.743400
618 156239.743400
619 156239.743400
620 156239.743400
621 156239.743400
622 156239.743400
623 156239.743400
624 156239.743400
625 156239.743400
626 156239.743400
627 156239.743400
628 156239.743400
629 156239.743400
630 156239.743400
631 156239.743400
632 156239.743400
633 156239.743400
634 156239.743400
635 156239.743400
636 156239.743400
637 156239.743400
638 156239.743400
639 156239.743400
640 156239.743400
641 156239.743400
642 156239.743400
643 156239.743400
644 156239.743400
645 156239.743400
646 156239.743400
647 156239.743400
648 156239.743400
649 156239.743400
650 156239.743400
651 156239.743400
652 156239.743400
653 156239.743400
654 156239.743400
655 156239.743400
656 156239.743400
657 156239.743400
658 156239.743400
659 156239.743400
660 156239.743400
661 156239.743400
662 156239.743400
663 156239.743400
664 156239.743400
665 156239.743400
666 156239.743400
667 156239.743400
668 156239.743400
669 156239.743400
670 156239.743400
671 156239.743400
672 156239.743400
673 156239.743400
674 156239.743400
675 156239.743400
676 156239.743400
677 156239.743400
678 156239.743400
679 156239.743400
680 156239.743400
681 156239.743400
682 156239.743400
683 156239.743400
684 156239.743400
685 156239.743400
686 156239.743400
687 156239.743400
688 156239.743400
689 156239.743400
690 156239.743400
691 156239.743400
692 156239.743400
693 156239.743400
694 156239.743400
695 156239.743400
696 156239.743400
697 156239.743400
698 156239.743400
699 156239.743400
700 156239.743400
701 156239.743400
702 156239.743400
703 156239.743400
704 156239.743400
705 156239.743400
706 156239.743400
707 156239.743400
708 156239.743400
709 156239.743400
710 156239.743400
711 156239.743400
712 156239.743400
713 156239.743400
714 156239.743400
715 156239.743400
716 156239.743400
717 156239.743400
718 156239.743400
719 156239.743400
720 156239.743400
721 156239.743400
722 156239.743400
723 156239.743400
724 156239.743400
725 156239.743400
726 156239.743400
727 156239.743400
728 156239.743400
729 156239.743400
730 156239.743400
731 156239.743400
732 156239.743400
733 156239.743400
734 156239.743400
735 156239.743400
736 156239.743400
737 156239.743400
738 156239.743400
739 156239.743400
740 156239.743400
741 156239.743400
742 156239.743400
743 156239.743400
744 156239.743400
745 156239.743400
746 156239.743400
747 156239.743400
748 156239.743400
749 156239.743400
750 156239.743400
751 156239.743400
752 156239.743400
753 156239.743400
754 156239.743400
755 156239.743400
756 156239.743400
757 156239.743400
758 156239.743400
759 156239.743400
760 156239.743400
761 156239.743400
762 156239.743400
763 156239.743400
764 156239.743400
765 156239.743400
766 156239.743400
767 156239.743400
768 156239.743400
769 156239.743400
770 156239.743400
771 156239.743400
772 156239.743400
773 156239.743400
774 156239.743400
775 156239.743400
776 156239.743400
777 156239.743400
778 156239.743400
779 156239.743400
780 156239.743400
781 156239.743400
782 156239.743400
783 156239.743400
784 156239.743400
785 156239.743400
786 156239.743400
787 156239.743400
788 156239.743400
789 156239.743400
790 156239.743400
791 156239.743400
792 156239.743400
793 156239.743400
794 156239.743400
795 156239.743400
796 156239.743400
797 156239.743400
798 156239.743400
799 156239.743400
800 156239.743400
801 156239.743400
802 156239.743400
803 156239.743400
804 156239.743400
805 156239.743400
806 156239.743400
807 156239.743400
808 156239.743400
809 156239.743400
810 156239.743400
811 156239.743400
812 156239.743400
813 156239.743400
814 156239.743400
815 156239.743400
816 156239.743400
817 156239.743400
818 156239.743400
819 156239.743400
820 156239.743400
821 156239.743400
822 156239.743400
823 156239.743400
824 156239.743400
825 156239.743400
826 156239.743400
827 156239.743400
828 156239.743400
829 156239.743400
830 156239.743400
831 156239.743400
832 156239.743400
833 156239.743400
834 156239.743400
835 156239.743400
836 156239.743400
837 156239.743400
838 156239.743400
839 156239.743400
840 156239.743400
841 156239.743400
842 156239.743400
843 156239.743400
844 156239.743400
845 156239.743400
846 156239.743400
847 156239.743400
848 156239.743400
849 156239.743400
850 156239.743400
851 156239.743400
852 156239.743400
853 156239.743400
854 156239.743400
855 156239.743400
856 156239.743400
857 156239.743400
858 156239.743400
859 156239.743400
860 156239.743400
861 156239.743400
862 156239.743400
863 156239.743400
864 156239.743400
865 156239.743400
866 156239.743400
867 156239.743400
868 156239.743400
869 156239.743400
870 156239.743400
871 156239.743400
872 156239.743400
873 156239.743400
874 156239.743400
875 156239.743400
876 156239.743400
877 156239.743400
878 156239.743400
879 156239.743400
880 156239.743400
881 156239.743400
882 156239.743400
883 156239.743400
884 156239.743400
885 156239.743400
886 156239.743400
887 156239.743400
888 156239.743400
889 156239.743400
890 156239.743400
891 156239.743400
892 156239.743400
893 156239.743400
894 156239.743400
895 156239.743400
896 156239.743400
897 156239.743400
898 156239.743400
899 156239.743400
900 156239.743400
901 156239.743400
902 156239.743400
903 156239.743400
904 156239.743400
905 156239.743400
906 156239.743400
907 156239.743400
908 156239.743400
909 156239.743400
910 156239.743400
911 156239.743400
912 156239.743400
913 156239.743400
914 156239.743400
915 156239.743400
916 156239.743400
917 156239.743400
918 156239.743400
919 156239.743400
920 156239.743400
921 156239.743400
922 156239.743400
923 156239.743400
924 156239.743400
925 156239.743400
926 156239.743400
927 156239.743400
928 156239.743400
929 156239.743400
930 156239.743400
931 156239.743400
932 156239.743400
933 156239.743400
934 156239.743400
935 156239.743400
936 156239.743400
937 156239.743400
938 156239.743400
939 156239.743400
940 156239.743400
941 156239.743400
942 156239.743400
943 156239.743400
944 156239.743400
945 156239.743400
946 156239.743400
947 156239.743400
948 156239.743400
949 156239.743400
950 156239.743400
951 156239.743400
952 156239.743400
953 156239.743400
954 156239.743400
955 156239.743400
956 156239.743400
957 156239.743400
958 156239.743400
959 156239.743400
960 156239.743400
961 156239.743400
962 156239.743400
963 156239.743400
964 156239.743400
965 156239.743400
966 156239.743400
967 156239.743400
968 156239.743400
969 156239.743400
970 156239.743400
971 156239.743400
972 156239.743400
973 156239.743400
974 156239.743400
975 156239.743400
976 156239.743400
977 156239.743400
978 156239.743400
979 156239.743400
980 156239.743400
981 156239.743400
982 156239.743400
983 156239.743400
984 156239.743400
985 156239.743400
986 156239.743400
987 156239.743400
988 156239.743400
989 156239.743400
990 156239.743400
991 156239.743400
992 156239.743400
993 156239.743400
994 156239.743400
995 156239.743400
996 156239.743400
997 156239.743400
998 156239.743400
999 156239.743400
1000 156239.743400