50
8370 2660
4650 7960
3570 3300
7990 7000
6840 1260
590 910
550 2320
6820 1620
2900 6380
2300 7240
4430 3900
8990 4930
7290 600
5090 730
540 6420
3530 3620
8000 990
20 750
2590 1070
9430 3230
3580 7460
7060 3050
2120 3500
390 6160
7050 590
9470 2160
4190 1360
3800 2060
3960 3750
2500 9960
8450 3460
8710 2360
5810 9560
3490 4840
730 4010
830 2950
4630 3860
6020 6210
1460 950
250 5270
530 1280
1570 2740
7130 2850
380 30
4870 5420
6600 3210
670 7580
680 1650
6390 7470
5770 9430
10
1790 9640 9400 9760
4930 7580 9610 8430
9460 7290 9830 7540
3400 5790 5720 6910
5780 9810 7350 9960
70 7840 4400 8980
6890 1090 8080 1720
8550 3830 9970 4210
2640 1210 3520 4800
6750 3600 8490 6990
