33
515 234
525 247
365 260
535 260
315 273
325 273
460 273
560 286
545 299
600 299
305 312
335 312
355 312
580 312
325 325
345 325
425 325
560 338
315 351
540 351
335 364
435 364
550 364
570 364
360 377
500 377
350 390
405 390
510 390
520 390
560 390
415 403
115 481

71
285 468 295 494
190 468 200 494
110 455 120 481
140 455 150 481
300 455 310 494
180 455 200 468
330 455 340 468
525 455 535 468
180 429 190 455
410 429 420 442
505 416 525 429
575 416 610 481
285 416 295 455
345 416 355 429
400 403 420 429
455 403 465 416
555 403 565 429
345 390 365 416
495 390 525 416
545 390 575 403
400 390 410 403
355 377 365 390
535 377 555 390
495 377 505 390
565 377 575 390
430 364 440 403
535 364 575 377
455 364 465 377
510 364 520 377
330 364 340 403
310 364 320 390
535 351 545 364
310 351 330 364
340 351 350 364
555 338 565 364
420 325 430 364
320 325 360 351
365 312 415 377
575 312 585 351
465 312 515 351
525 312 535 325
300 312 310 351
330 312 340 325
350 312 360 325
540 299 550 338
595 299 605 338
245 299 255 338
180 299 200 312
455 286 515 312
555 286 565 325
530 286 540 299
180 286 210 299
310 286 330 312
340 286 350 299
520 273 540 286
435 273 465 286
310 273 350 286
360 260 370 299
510 260 540 273
510 247 530 260
470 260 480 273
365 221 415 247
455 234 465 247
475 234 485 247
510 234 520 247
200 260 210 286
330 260 350 273
235 234 245 273
330 247 340 260
190 221 210 247
190 247 200 260
