281
6443 1232
7031 2461
3624 9510
1866 4120
3621 9157
6336 3470
3600 6773
1686 519
4624 6990
944 3719
2367 57
2992 9084
172 4691
179 8128
8873 752
8263 9953
7108 4883
9828 340
2828 1346
6862 3144
4253 6775
3878 2443
9826 4990
416 146
4475 6145
9358 2082
8528 4424
1575 3231
5135 6104
4556 4394
5492 8879
6340 5000
2914 5822
8504 5732
31 352
5769 2806
9410 5627
2046 8136
7822 1703
5996 3298
4026 9688
9345 4022
736 3588
3073 9566
9071 2357
7484 787
5362 7570
8928 3448
5545 826
4414 6237
9008 4740
2936 5920
6183 7569
667 5654
9918 8209
6203 2753
4393 9402
9694 7042
9963 2708
4683 511
4663 6035
1584 1155
5879 903
8325 3976
8441 2981
7252 9605
8188 2451
5782 3175
14 9622
6076 2385
1763 9388
9250 6931
6213 9337
3134 5906
8567 5978
4722 4343
4558 2783
5859 1723
344 4116
6686 6367
1436 8350
3292 7950
6742 6476
4717 804
5406 1655
1969 9847
8856 8416
7371 3047
1586 5960
192 4272
7971 5971
1796 416
1143 1727
4305 5990
9253 5900
3403 3711
6660 9330
7386 7900
4004 5148
1793 523
9331 8809
4860 3224
6277 8869
9205 2834
1016 2706
6570 1621
9696 6573
7474 1526
4284 5387
8849 5876
2904 2334
301 8621
2825 6258
4447 3773
7300 2021
5451 8609
3905 3750
3219 4287
2941 7252
2405 6079
9341 9624
4898 2210
4010 9482
7611 1834
787 1433
4191 3748
807 751
4809 8622
1911 9295
2706 8726
4532 3015
1085 5755
2003 9116
2273 1917
94 3829
9379 8518
6785 3902
4131 1231
7939 1787
5547 1931
3091 1890
1864 4576
6178 8244
3773 2139
5720 5516
1025 1043
1675 2812
7389 3512
8357 355
989 404
5054 1805
9872 4286
1347 2053
7298 1513
2156 5912
3326 4195
2946 7310
7663 9681
1891 1763
3160 2991
6539 5854
1641 5130
1950 3592
231 2710
2735 6190
3344 459
8795 7884
7264 4779
195 2902
4271 6807
1835 5193
5340 7297
9070 2558
721 4050
9702 4065
3270 1731
6368 1431
1018 1485
9911 141
4330 7084
5977 6934
3316 8832
2511 8430
3093 8896
6659 1143
4345 4826
8655 8854
6152 8806
2397 8343
7738 8934
4938 605
1568 8164
8844 1690
9751 9191
4700 9990
2767 516
3785 3021
6506 2236
8975 5828
74 1169
6546 2334
3562 9411
1903 4333
6235 3446
6838 3075
3904 6615
3036 9409
3178 9022
9741 397
8592 524
8878 878
9574 5277
508 150
9215 2170
1589 3019
4492 4451
6273 5101
6089 5181
9245 5720
2158 8092
9215 2301
8948 1850
7504 1179
5419 7728
8977 3380
5024 538
6301 7793
5905 2525
4522 9696
9524 2775
9449 2896
4902 609
1312 1092
5883 1205
8005 2499
173 8938
6521 9238
4607 2838
5971 1699
274 4177
6632 6157
1144 8463
360 8640
3200 7751
2958 7932
2857 7457
3374 8612
1920 9155
1095 5946
1832 438
1205 1745
1344 1975
1365 1686
3663 3706
7610 8151
9471 9118
1560 3019
724 2623
6535 1983
6546 2040
2947 2109
1920 9610
3072 8969
2261 2071
6861 3956
6972 4017
7334 3579
6131 8322
3681 1926
849 1145
1756 5107
8174 8940
7928 8934
4281 6658
9768 4924
4532 9756
5861 1170
8005 2578
1589 2554
2772 8735
7053 4017
