30
1280 6020
2160 850
8920 790
170 6410
240 2410
3010 4600
3250 8190
7480 1160
3110 670
3490 9010
6500 9900
4920 2530
5090 3140
3500 2130
2800 2270
6670 4380
1780 2160
480 6220
1220 1530
9920 4640
4290 9070
580 180
1760 4120
2980 4080
9090 930
3760 4220
4680 2430
2030 4920
7260 970
6330 610
10
6530 9870 9620 9970
420 6640 2840 9540
5380 1200 8860 4250
1960 1230 2370 2810
4400 4500 9750 9380
2880 4600 4050 5210
3490 310 5240 2130
9440 9430 9810 9800
440 340 1020 5770
9120 1240 9400 4220
