500
1857	2738
2894	8773
1463	5183
6905	8268
3221	2457
3473	730
2983	4045
5486	5208
815	6755
1875	934
606	7576
6045	4078
9323	8669
7952	2547
303	8201
6131	4811
7871	9452
854	1630
5468	655
7539	7194
2588	3671
5319	3872
4004	3636
8823	9370
2183	4813
4853	437
8935	5346
8461	2389
2920	9868
4339	473
8222	1895
9336	5659
5826	447
8995	3322
3337	1432
7140	4825
7970	3168
1959	6377
8240	6048
953	5905
5779	7114
7741	883
5927	7473
3088	4641
8609	9286
4558	9381
7577	1956
8888	4529
3717	7332
7074	9300
1880	753
8823	4604
255	6767
3610	8398
9728	2393
2860	8228
2032	5977
9534	3627
8144	172
1896	1532
6615	4909
3587	126
2628	2673
9761	9724
1941	1952
5552	6945
3436	3149
4392	4101
6746	2567
9328	6317
4146	9128
695	2216
6337	8418
8455	6114
2684	3094
713	9431
5066	5653
8216	6620
7158	6191
636	4345
676	6403
8073	876
7813	1209
6832	3156
1595	9219
2050	607
4780	2726
3303	2675
2177	523
4923	2899
5349	7686
2269	8907
784	3975
3825	1158
7260	142
9046	110
2894	8707
1994	6722
4565	6538
6363	3724
2643	6261
4704	7644
1363	3820
3156	4019
8413	5866
8040	4713
6147	7878
4272	8595
9058	1440
6460	1645
5821	9743
9182	4040
3520	9039
4592	5876
2535	6181
6411	7863
5360	281
885	3082
9005	9739
3077	7573
8832	6327
3594	7641
2370	3125
6563	4337
6104	7017
9571	6887
2246	4107
6650	2485
269	7510
3584	3889
4883	87
419	1878
8122	2489
8623	8722
2071	266
367	1127
7749	9472
7447	654
178	3414
9665	3534
8889	9622
1103	4661
508	8482
731	9452
9129	598
2726	8714
1324	2380
4862	1267
4210	8839
2489	684
2201	2140
2379	9488
7018	3643
9113	2349
5310	7647
5981	8787
5094	8384
3497	2095
7046	1110
5910	6658
223	7807
8583	9828
7371	1529
5383	7632
7943	8383
8634	6223
9334	864
8807	4244
641	713
6384	1784
5952	2973
8227	172
461	3812
6921	5779
6121	4015
5754	4492
939	4135
9480	6939
7627	1458
9464	1350
2465	6698
9389	4524
2830	7903
8201	5081
246	126
5959	188
5552	7956
364	6688
6631	6595
4831	8043
9211	4941
6510	8272
2162	9596
3429	666
9220	1013
652	1935
1439	893
5512	1849
1318	6163
7721	2950
2293	5355
946	4900
9185	2344
7340	2611
1163	6952
9885	1086
6825	314
3721	8796
1846	454
8212	7302
2898	7142
5926	4678
8393	1378
4245	7143
4979	2948
5116	2504
7921	1150
7072	6188
4477	1879
8621	9726
9521	4655
5116	7139
298	2975
2673	6191
6420	8092
2409	3609
6588	9259
3497	9459
8031	8003
1597	2141
5883	4010
4618	9956
3983	8366
4339	8839
5588	9662
9066	4810
8745	8841
3996	8954
9748	8307
6621	2973
2535	5443
4689	801
6278	5630
2943	3625
8665	2419
1073	5507
3405	5303
3994	1889
9835	7721
1395	3051
7450	289
4741	2634
2051	6138
5718	8107
1107	1808
9276	2980
2884	7459
905	3447
5208	9751
4259	2921
5367	3325
1481	5865
1501	4571
2066	364
6191	1734
5450	41
7616	8036
7850	4950
838	4756
6962	8246
1950	6879
2757	50
6765	1291
5540	3705
5325	5265
5616	4637
7999	6484
8054	5031
8162	319
5161	9307
4848	5172
766	5967
9375	4133
6804	4482
1506	5923
8314	1762
4186	3512
4158	1957
4206	97
3593	3073
4487	4976
6376	8543
5571	5267
7345	7020
4969	8483
3838	5747
9337	3993
2523	1480
4977	7721
8452	78
5767	8160
5590	2808
3718	9565
8382	7867
9220	172
3308	4885
4110	6779
7159	2184
7353	8051
2635	4552
4713	8241
3800	779
6438	5501
6263	831
929	1923
7974	8933
8093	7079
2703	7935
1078	8373
7468	9657
9250	9586
6986	5422
7310	4797
2295	9451
7506	2081
8396	6515
9062	2114
1772	1217
692	5646
3093	9784
5911	4290
2868	2368
2147	5682
2814	6654
2370	5089
9455	9293
1556	2347
3983	9450
1023	5307
586	7624
4389	3374
1564	4605
8935	1045
8675	2521
1725	1939
2804	6295
1581	9049
642	4513
4665	1324
411	5630
797	6283
8717	9860
1125	8670
592	380
4956	9586
6333	9738
3802	3478
5798	2597
2553	7699
6563	2234
4717	4955
9014	376
606	5725
9242	3601
375	2272
4640	1686
4351	6883
6022	1062
3849	4753
6786	40
9597	9655
2048	7323
5929	8035
3249	3075
6018	1415
7546	4897
2041	8476
3195	9287
6635	8460
5526	2331
941	2017
6188	1998
581	9490
5103	4567
9957	9202
9161	7112
9126	9983
3840	9916
8161	584
9023	5079
7240	7799
1919	1541
5163	9701
8501	5895
262	1634
1738	6680
5858	3993
5273	8782
804	1968
2672	9613
9731	6825
6883	2202
6863	7893
6407	7856
9267	9104
8623	5792
56	5862
9785	4362
3440	5582
2362	4860
9424	8867
8408	3402
4254	2859
4647	2733
2755	2039
2224	7101
8104	8876
9164	6929
4419	7896
8295	7390
8309	7997
716	5879
1897	2235
9103	663
6780	6923
8886	2762
7043	932
6283	6474
1537	7858
1544	7956
8463	5743
3572	2070
4455	2338
6937	8233
3410	6572
7003	7531
9553	2122
8261	5347
9248	5935
3880	9906
1458	8830
8614	9892
6978	995
6918	2355
7538	1576
3123	3353
47	8320
3453	5870
6613	8722
942	2349
5776	3925
9743	8759
5820	467
3731	1980
1475	9420
6426	5416
4253	2603
2272	7375
4357	2003
4203	2526
5810	257
5723	9493
710	9460
4992	9258
1796	2227
4065	8921
5213	9032
8332	75
1720	4265
2111	1497
3439	4689
9324	9655
363	5506
9207	7862
5047	2890
4845	7349
3352	4791
1790	9616
3605	3467
8964	295
56	6074
238	7961
6196	2898
1894	7211
548	8871
3771	9779
2267	5993
9845	7780
493	882
5313	9324
2665	5253
3095	2745
2428	8837
2703	1825
991	4447
673	1100
4230	9448
9554	7769
6654	1872
6296	1495