228 303 0 303 486 1 486 388 0 388 440 1 303 338 0 338 497 0 497 46 0 497 71 1 71 466 1 466 238 1 466 149 0 149 234 1 149 108 1 238 208 1 228 113 1 228 378 1 208 54 0 54 233 1 46 464 0 464 280 0 280 490 0 280 467 1 467 398 0 464 355 1 355 393 0 393 259 0 393 235 1 235 462 0 235 111 1 111 356 1 398 157 1 157 295 0 295 311 0 311 190 0 190 299 1 299 102 0 299 91 0 91 155 0 91 164 1 102 476 1 91 187 1 187 254 1 254 301 1 254 373 0 373 107 1 107 116 1 116 404 1 116 225 1 225 192 1 192 379 1 379 449 1 192 73 0 73 292 1 192 4 1 4 434 1 434 270 0 434 403 1 403 391 0 391 309 0 309 267 0 267 229 0 229 421 1 421 304 1 229 165 1 476 222 0 403 436 0 102 419 0 449 227 1 227 50 0 373 43 0 43 41 1 41 66 1 41 125 0 125 160 0 160 428 1 428 189 0 189 425 1 304 420 1 420 210 0 210 317 0 165 316 1 316 417 0 317 78 1 78 326 0 78 277 1 326 74 1 74 394 1 394 105 1 105 431 0 431 406 1 74 39 0 74 166 0 166 121 1 121 70 0 70 439 0 439 32 1 431 438 0 438 184 1 184 278 0 278 268 1 278 106 0 268 376 0 376 323 0 323 36 1 378 330 0 330 29 1 29 400 0 400 152 0 152 324 1 324 193 1 193 478 1 478 455 1 455 85 0 85 347 0 347 441 0 441 353 0 353 319 1 324 92 0 92 493 0 493 146 1 146 97 1 97 2 0 97 56 1 56 183 1 183 318 0 318 359 1 183 257 1 257 120 1 257 211 0 211 334 1 334 346 1 346 101 0 101 224 0 224 115 1 334 181 1 115 487 0 487 57 1 57 253 0 253 38 1 38 98 0 98 271 1 98 396 0 271 484 1 484 372 1 372 458 1 458 416 1 57 333 1 333 201 1 201 241 1 241 491 1 201 335 1 335 410 1 410 25 1 57 285 0 285 262 1 285 199 1 262 40 1 40 282 1 282 422 0 422 329 0 329 363 1 363 350 0 350 473 1 282 351 0 351 81 1 351 9 0 9 188 1 188 53 1 40 246 0 246 339 0 339 202 0 202 269 1 269 142 1 142 495 1 495 177 1 177 93 0 495 348 0 348 80 0 93 173 1 142 263 0 263 342 1 342 469 0 9 205 1 339 3 1 410 310 1 310 44 1 44 471 0 471 477 0 477 306 0 471 369 0 306 247 1 247 409 1 409 448 1 448 296 0 120 122 0 122 49 1 350 407 1 407 481 1 36 61 1 61 16 1 16 212 0 212 276 0 276 176 0 176 331 0 331 231 1 231 397 1 397 451 0 231 12 0 12 175 1 451 274 0 274 22 0 175 100 0 274 261 1 276 384 1 61 284 1 284 124 0 316 17 0 17 137 1 137 320 1 46 232 0 292 156 1 93 258 1 258 118 0 118 250 0 92 377 0 425 294 1 294 20 1 417 134 0 134 237 0 134 45 0 45 24 1 24 141 1 141 119 1 119 387 0 141 220 1 220 162 0 162 442 0 442 352 1 141 321 0 321 472 0 472 371 0 371 64 0 472 336 1 336 405 0 405 411 0 411 13 0 411 452 1 452 239 1 336 385 0 239 488 0 488 249 1 488 498 0 498 474 1 438 27 1 27 390 1 390 236 1 236 191 0 236 52 1 52 48 1 48 168 1 48 182 1 182 221 1 182 283 0 283 297 1 297 112 1 297 364 0 364 58 0 58 140 0 364 34 1 221 408 1 34 256 1 256 426 0 426 344 0 344 245 1 245 28 0 28 133 0 133 14 0 245 154 1 154 203 1 154 327 0 327 437 1 437 55 1 14 200 0 200 37 0 34 412 1 276 293 0 293 8 1 8 275 1 275 281 1 281 361 0 361 291 1 275 77 0 14 204 1 204 308 0 308 402 1 402 444 1 402 360 0 360 128 1 128 69 0 308 325 0 325 47 0 47 445 1 445 179 1 445 163 1 179 83 0 83 217 1 83 42 0 42 82 1 82 389 0 389 279 0 279 59 0 59 172 1 172 468 1 468 300 0 360 499 0 499 170 1 170 110 1 170 265 0 265 382 0 110 500 0 500 375 0 375 368 1 368 314 0 128 240 0 240 84 0 240 483 1 483 171 1 42 138 0 138 251 0 251 95 1 171 302 1 302 358 1 358 380 0 380 198 0 95 370 0 370 207 1 380 216 0 216 475 0 475 215 1 215 90 1 90 87 1 87 252 0 87 414 0 414 413 1 413 260 1 413 457 1 457 460 1 460 433 0 433 459 0 459 219 0 459 288 0 288 248 0 248 454 1 454 432 0 432 158 1 219 366 1 366 349 1 349 148 1 349 242 1 242 26 1 26 131 1 26 30 0 30 289 0 260 341 1 341 287 1 287 23 0 23 357 0 357 479 0 479 290 1 290 67 0 67 374 1 374 446 1 479 130 1 446 244 0 244 21 1 21 226 0 374 88 0 88 492 0 88 5 1 5 332 0 332 415 1 415 494 1 244 7 1 7 104 1 226 123 0 123 75 0 75 63 0 494 298 1 298 470 1 470 392 0 392 60 0 392 65 0 65 345 1 65 423 0 423 465 0 465 230 1 230 337 1 337 147 0 423 151 0 147 450 0 450 381 0 381 315 1 315 399 1 399 196 0 196 132 0 315 255 0 196 72 0 315 18 0 72 365 1 132 395 0 60 328 1 328 10 0 10 51 1 51 86 1 86 89 1 86 264 1 264 135 0 264 209 1 89 150 1 10 197 1 423 1 1 395 136 1 136 496 0 136 489 0 489 169 1 169 354 0 354 185 0 131 266 0 266 117 1 117 461 1 461 33 1 33 453 0 461 186 0 117 19 1 300 96 1 96 305 0 96 480 0 480 362 0 362 145 0 145 424 0 424 167 0 167 195 0 195 343 1 343 109 1 109 180 0 289 62 1 110 273 1 273 159 1 159 427 0 427 443 1 226 127 1 84 153 0 334 435 0 319 143 0 143 485 0 143 15 0 15 482 1 482 161 0 161 129 0 15 447 0 129 11 0 11 340 0 485 383 1 383 463 1 463 144 0 463 76 1 173 139 1 139 223 1 180 206 0 133 31 0 31 286 1 286 213 1 61 456 0 456 313 0 313 243 1 456 322 0 322 174 0 174 218 1 218 79 0 77 114 1 114 99 1 99 367 0 367 307 0 367 214 0 62 194 1 194 6 1 6 312 0 312 94 1 341 68 0 93 103 1 94 35 0 70 178 1 178 126 1 126 401 1 178 418 1 418 386 0 319 430 1 430 429 0 135 272 1 
156402.896800
500
1 156402.896800
2 156402.896800
3 156402.896800
4 156402.896800
5 156402.896800
6 156402.896800
7 156402.896800
8 156402.896800
9 156402.896800
10 156402.896800
11 156402.896800
12 156402.896800
13 156402.896800
14 156402.896800
15 156402.896800
16 156402.896800
17 156402.896800
18 156402.896800
19 156402.896800
20 156402.896800
21 156402.896800
22 156402.896800
23 156402.896800
24 156402.896800
25 156402.896800
26 156402.896800
27 156402.896800
28 156402.896800
29 156402.896800
30 156402.896800
31 156402.896800
32 156402.896800
33 156402.896800
34 156402.896800
35 156402.896800
36 156402.896800
37 156402.896800
38 156402.896800
39 156402.896800
40 156402.896800
41 156402.896800
42 156402.896800
43 156402.896800
44 156402.896800
45 156402.896800
46 156402.896800
47 156402.896800
48 156402.896800
49 156402.896800
50 156402.896800
51 156402.896800
52 156402.896800
53 156402.896800
54 156402.896800
55 156402.896800
56 156402.896800
57 156402.896800
58 156402.896800
59 156402.896800
60 156402.896800
61 156402.896800
62 156402.896800
63 156402.896800
64 156402.896800
65 156402.896800
66 156402.896800
67 156402.896800
68 156402.896800
69 156402.896800
70 156402.896800
71 156402.896800
72 156402.896800
73 156402.896800
74 156402.896800
75 156402.896800
76 156402.896800
77 156402.896800
78 156402.896800
79 156402.896800
80 156402.896800
81 156402.896800
82 156402.896800
83 156402.896800
84 156402.896800
85 156402.896800
86 156402.896800
87 156402.896800
88 156402.896800
89 156402.896800
90 156402.896800
91 156402.896800
92 156402.896800
93 156402.896800
94 156402.896800
95 156402.896800
96 156402.896800
97 156402.896800
98 156402.896800
99 156402.896800
100 156402.896800
101 156402.896800
102 156402.896800
103 156402.896800
104 156402.896800
105 156402.896800
106 156402.896800
107 156402.896800
108 156402.896800
109 156402.896800
110 156402.896800
111 156402.896800
112 156402.896800
113 156402.896800
114 156402.896800
115 156402.896800
116 156402.896800
117 156402.896800
118 156402.896800
119 156402.896800
120 156402.896800
121 156402.896800
122 156402.896800
123 156402.896800
124 156402.896800
125 156402.896800
126 156402.896800
127 156402.896800
128 156402.896800
129 156402.896800
130 156402.896800
131 156402.896800
132 156402.896800
133 156402.896800
134 156402.896800
135 156402.896800
136 156402.896800
137 156402.896800
138 156402.896800
139 156402.896800
140 156402.896800
141 156402.896800
142 156402.896800
143 156402.896800
144 156402.896800
145 156402.896800
146 156402.896800
147 156402.896800
148 156402.896800
149 156402.896800
150 156402.896800
151 156402.896800
152 156402.896800
153 156402.896800
154 156402.896800
155 156402.896800
156 156402.896800
157 156402.896800
158 156402.896800
159 156402.896800
160 156402.896800
161 156402.896800
162 156402.896800
163 156402.896800
164 156402.896800
165 156402.896800
166 156402.896800
167 156402.896800
168 156402.896800
169 156402.896800
170 156402.896800
171 156402.896800
172 156402.896800
173 156402.896800
174 156402.896800
175 156402.896800
176 156402.896800
177 156402.896800
178 156402.896800
179 156402.896800
180 156402.896800
181 156402.896800
182 156402.896800
183 156402.896800
184 156402.896800
185 156402.896800
186 156402.896800
187 156402.896800
188 156402.896800
189 156402.896800
190 156402.896800
191 156402.896800
192 156402.896800
193 156402.896800
194 156402.896800
195 156402.896800
196 156402.896800
197 156402.896800
198 156402.896800
199 156402.896800
200 156402.896800
201 156402.896800
202 156402.896800
203 156402.896800
204 156402.896800
205 156402.896800
206 156402.896800
207 156402.896800
208 156402.896800
209 156402.896800
210 156402.896800
211 156402.896800
212 156402.896800
213 156402.896800
214 156402.896800
215 156402.896800
216 156402.896800
217 156402.896800
218 156402.896800
219 156402.896800
220 156402.896800
221 156402.896800
222 156402.896800
223 156402.896800
224 156402.896800
225 156402.896800
226 156402.896800
227 156402.896800
228 156402.896800
229 156402.896800
230 156402.896800
231 156402.896800
232 156402.896800
233 156402.896800
234 156402.896800
235 156402.896800
236 156402.896800
237 156402.896800
238 156402.896800
239 156402.896800
240 156402.896800
241 156402.896800
242 156402.896800
243 156402.896800
244 156402.896800
245 156402.896800
246 156402.896800
247 156402.896800
248 156402.896800
249 156402.896800
250 156402.896800
251 156402.896800
252 156402.896800
253 156402.896800
254 156402.896800
255 156402.896800
256 156402.896800
257 156402.896800
258 156402.896800
259 156402.896800
260 156402.896800
261 156402.896800
262 156402.896800
263 156402.896800
264 156402.896800
265 156402.896800
266 156402.896800
267 156402.896800
268 156402.896800
269 156402.896800
270 156402.896800
271 156402.896800
272 156402.896800
273 156402.896800
274 156402.896800
275 156402.896800
276 156402.896800
277 156402.896800
278 156402.896800
279 156402.896800
280 156402.896800
281 156402.896800
282 156402.896800
283 156402.896800
284 156402.896800
285 156402.896800
286 156402.896800
287 156402.896800
288 156402.896800
289 156402.896800
290 156402.896800
291 156402.896800
292 156402.896800
293 156402.896800
294 156402.896800
295 156402.896800
296 156402.896800
297 156402.896800
298 156402.896800
299 156402.896800
300 156402.896800
301 156402.896800
302 156402.896800
303 156402.896800
304 156402.896800
305 156402.896800
306 156402.896800
307 156402.896800
308 156402.896800
309 156402.896800
310 156402.896800
311 156402.896800
312 156402.896800
313 156402.896800
314 156402.896800
315 156402.896800
316 156402.896800
317 156402.896800
318 156402.896800
319 156402.896800
320 156402.896800
321 156402.896800
322 156402.896800
323 156402.896800
324 156402.896800
325 156402.896800
326 156402.896800
327 156402.896800
328 156402.896800
329 156402.896800
330 156402.896800
331 156402.896800
332 156402.896800
333 156402.896800
334 156402.896800
335 156402.896800
336 156402.896800
337 156402.896800
338 156402.896800
339 156402.896800
340 156402.896800
341 156402.896800
342 156402.896800
343 156402.896800
344 156402.896800
345 156402.896800
346 156402.896800
347 156402.896800
348 156402.896800
349 156402.896800
350 156402.896800
351 156402.896800
352 156402.896800
353 156402.896800
354 156402.896800
355 156402.896800
356 156402.896800
357 156402.896800
358 156402.896800
359 156402.896800
360 156402.896800
361 156402.896800
362 156402.896800
363 156402.896800
364 156402.896800
365 156402.896800
366 156402.896800
367 156402.896800
368 156402.896800
369 156402.896800
370 156402.896800
371 156402.896800
372 156402.896800
373 156402.896800
374 156402.896800
375 156402.896800
376 156402.896800
377 156402.896800
378 156402.896800
379 156402.896800
380 156402.896800
381 156402.896800
382 156402.896800
383 156402.896800
384 156402.896800
385 156402.896800
386 156402.896800
387 156402.896800
388 156402.896800
389 156402.896800
390 156402.896800
391 156402.896800
392 156402.896800
393 156402.896800
394 156402.896800
395 156402.896800
396 156402.896800
397 156402.896800
398 156402.896800
399 156402.896800
400 156402.896800
401 156402.896800
402 156402.896800
403 156402.896800
404 156402.896800
405 156402.896800
406 156402.896800
407 156402.896800
408 156402.896800
409 156402.896800
410 156402.896800
411 156402.896800
412 156402.896800
413 156402.896800
414 156402.896800
415 156402.896800
416 156402.896800
417 156402.896800
418 156402.896800
419 156402.896800
420 156402.896800
421 156402.896800
422 156402.896800
423 156402.896800
424 156402.896800
425 156402.896800
426 156402.896800
427 156402.896800
428 156402.896800
429 156402.896800
430 156402.896800
431 156402.896800
432 156402.896800
433 156402.896800
434 156402.896800
435 156402.896800
436 156402.896800
437 156402.896800
438 156402.896800
439 156402.896800
440 156402.896800
441 156402.896800
442 156402.896800
443 156402.896800
444 156402.896800
445 156402.896800
446 156402.896800
447 156402.896800
448 156402.896800
449 156402.896800
450 156402.896800
451 156402.896800
452 156402.896800
453 156402.896800
454 156402.896800
455 156402.896800
456 156402.896800
457 156402.896800
458 156402.896800
459 156402.896800
460 156402.896800
461 156402.896800
462 156402.896800
463 156402.896800
464 156402.896800
465 156402.896800
466 156402.896800
467 156402.896800
468 156402.896800
469 156402.896800
470 156402.896800
471 156402.896800
472 156402.896800
473 156402.896800
474 156402.896800
475 156402.896800
476 156402.896800
477 156402.896800
478 156402.896800
479 156402.896800
480 156402.896800
481 156402.896800
482 156402.896800
483 156402.896800
484 156402.896800
485 156402.896800
486 156402.896800
487 156402.896800
488 156402.896800
489 156402.896800
490 156402.896800
491 156402.896800
492 156402.896800
493 156402.896800
494 156402.896800
495 156402.896800
496 156402.896800
497 156402.896800
498 156402.896800
499 156402.896800
500 156402.896800