200
9010 552
5994 771
3070 2675
9952 5114
3145 1107
3094 2231
6742 2488
2473 1940
9810 421
4815 8806
5208 9830
6092 1102
1776 6024
2692 1543
7565 4594
8665 6684
482 9912
5483 221
6762 6061
8492 6682
3639 4052
1178 5426
4906 8055
721 8309
8793 2010
704 7439
7151 4758
148 26
4928 2389
2152 1872
4606 8892
41 1236
971 7473
1886 3250
5926 7269
7602 3701
3992 1932
7454 8363
8163 2483
7708 8070
1131 6816
3345 3069
2819 6341
9548 1617
826 5923
5630 9676
3340 3510
1225 991
4617 4867
5708 461
8062 3287
3395 4471
4627 3318
6106 524
6823 7256
1136 8140
461 9356
6923 803
3634 1560
4534 3859
542 697
6577 6861
2193 7386
5622 4334
7385 3274
9808 1213
1794 7888
5491 1004
6554 3191
8429 5873
8385 1118
6123 5331
9387 9548
534 4321
5575 7503
768 5253
1242 4885
8863 9430
3099 228
5432 1982
1442 3156
2735 8148
6404 390
934 3248
1074 7207
134 4516
3729 7037
4759 1014
3487 844
2254 3031
4921 4770
9939 9543
5527 1709
8648 9185
7238 5865
4020 3677
2642 3373
411 8572
2772 5212
7448 2663
5269 4107
237 951
9689 123
1980 251
3459 398
5187 8901
7868 6028
5946 9567
3113 1924
1318 3903
438 9263
9988 5166
8815 4146
8116 3603
207 9989
7104 9635
4209 450
8354 3881
1220 6545
5450 4633
5274 7188
2455 1733
4248 1
4453 9000
7412 3374
3030 4777
6150 3735
4090 8887
9894 6357
1801 5574
5445 7181
2086 9157
7604 301
4132 8458
6115 6114
5106 7978
1198 4900
4290 5057
672 5650
4894 9049
5536 8032
2089 9207
2544 2506
3040 955
1983 1423
3492 2205
1703 9379
299 7869
7830 2035
7316 1086
7469 757
5133 9550
7480 1501
8018 3601
3649 8531
3638 9710
32 6694
340 7414
1562 7226
8173 2674
1918 2471
2437 391
9377 4474
881 6122
35 7490
863 9047
1272 3432
2703 1150
4156 6611
1374 1254
65 8084
269 4779
8853 9456
1528 998
8011 197
7552 4919
4848 7696
423 1206
4423 8220
8259 7047
1031 3233
3211 7073
1645 1246
6078 7611
3580 2364
677 2381
12 722
3678 5628
6711 1858
4543 8514
3415 3239
7697 8483
5625 3803
3968 2175
5082 9770
7836 4477
2243 9847
9375 752
2287 8842
390 4385
1000
508 9093 703 9138
4431 2478 4851 2860
8093 8775 8451 9152
9916 3139 9946 3608
1302 3408 1691 3844
1476 143 1894 417
1388 1219 1422 1610
9788 6255 9960 6308
385 6457 510 6721
4335 1803 4588 2163
3060 8336 3277 8600
2585 2691 3028 2802
1875 9305 2270 9439
6585 4155 7063 4340
7474 6660 7889 6823
9542 9454 9687 9464
1729 877 1955 1119
9879 4360 9988 4611
3580 7686 3814 8183
7594 8164 8077 8176
7693 2069 7880 2541
8333 6545 8434 6792
698 9170 779 9486
2736 819 2907 1216
2126 1651 2402 1771
777 3336 1176 3711
354 4386 692 4673
8247 2678 8293 2939
6252 7095 6636 7506
3063 5173 3335 5207
1538 2291 1820 2702
3801 3882 4170 4061
2028 5039 2052 5326
8308 2625 8525 2966
4709 4241 4813 4488
9144 9105 9502 9450
874 7358 943 7818
6502 2317 6612 2703
1276 6308 1514 6656
6995 1129 7415 1600
6774 2513 6908 2579
8845 2108 9183 2535
7177 9690 7499 9893
7671 5298 7744 5684
5720 9687 5976 9918
1952 9 2183 235
8622 8121 9101 8603
2710 1966 3074 2202
6038 2185 6149 2566
9957 4211 9982 4243
2220 9692 2442 9804
9051 3146 9073 3481
2573 2273 3018 2420
365 689 466 845
7140 4195 7304 4286
7930 8257 8147 8472
9064 600 9285 891
2351 2110 2461 2547
6115 6161 6520 6363
5226 8883 5327 9022
4900 4870 5144 5241
9984 6245 9994 6690
9989 1537 9999 1758
9574 2793 9854 3281
5851 254 6219 449
9096 3342 9437 3472
6859 6158 7043 6347
1886 3720 2023 4088
2231 6001 2402 6178
8258 990 8269 1453
50 8262 248 8279
2364 5573 2413 5901
7679 8595 7997 8803
3636 7139 3931 7332
1722 6939 1857 7117
2862 6950 2946 6960
7869 4618 8265 4962
3481 4618 3879 5001
8557 7356 8591 7818
1776 5672 1790 5918
8011 5253 8384 5680
4443 7347 4881 7553
21 7608 306 7735
6125 731 6471 775
325 6402 365 6659
6022 5596 6243 5781
655 8462 737 8557
2933 9057 3417 9247
8388 1893 8573 2355
7893 9261 8047 9319
1904 6924 2136 7275
7746 2756 8167 2882
2806 9247 2834 9384
9413 976 9455 1000
928 2083 1024 2451
1234 8081 1457 8452
8202 9515 8546 9645
5586 4877 6029 4983
9886 703 9956 790
5274 9839 5682 9895
5599 1390 5927 1504
9123 4213 9389 4253
4331 8263 4679 8453
3570 5218 3855 5613
8944 4601 9439 4679
2659 5539 3051 5774
2293 3836 2634 3918
7614 4545 7747 4610
6829 3339 6892 3634
9756 6507 9955 7000
5163 7395 5421 7451
2350 3001 2625 3289
2380 1049 2702 1140
6656 3098 7022 3276
3869 711 4281 889
2996 9678 3219 9848
310 7530 696 7583
3566 3112 3831 3337
2357 8081 2714 8246
8582 9979 8985 9999
6617 3582 6700 3598
7846 1288 7989 1656
233 3712 515 3948
6921 107 7155 426
28 8836 320 9333
621 3757 858 4098
9418 4766 9911 4878
2667 4573 3068 4601
3743 1794 3858 1878
9079 7689 9388 7956
1418 2793 1432 2828
5150 409 5599 469
2949 1504 3008 1641
5833 8447 6220 8489
8704 3963 8804 4239
1352 5176 1592 5385
9304 5746 9555 5953
9816 6379 9846 6454
9736 9944 9802 9960
2065 2401 2348 2792
1722 8104 2042 8537
6699 9407 6992 9587
815 4633 1207 4753
1912 5403 2250 5413
439 5540 539 5907
9827 2070 9945 2105
7920 7511 8307 7683
8841 5767 9091 6129
8404 1053 8546 1498
5878 4007 6237 4481
4960 6361 5222 6394
4652 9615 4859 9712
4721 7816 4914 7976
511 370 874 602
223 1302 418 1681
7613 3840 7947 3987
9373 9801 9823 9842
6462 7708 6786 7729
2650 3532 3070 3894
1510 2832 1955 3211
5098 4274 5535 4458
1595 6100 2059 6443
3845 6149 4195 6208
3085 1386 3237 1534
8692 3531 8861 3682
4040 2007 4182 2268
8219 9913 8469 9924
7511 5981 7555 6384
8594 3862 8886 3924
1670 7349 2163 7381
9115 2538 9328 3032
9929 2431 9948 2571
6840 8488 7251 8911
1561 6763 1706 6823
935 7850 975 8044
5299 6775 5786 6962
2035 602 2386 697
3884 8957 4377 8987
5036 3865 5493 4053
17 7936 50 8292
5363 4713 5759 4805
6690 5907 6849 5937
9170 8536 9434 8568
2407 9585 2837 9657
7336 528 7456 760
5057 8263 5432 8674
5839 7725 6073 7930
7824 5393 7964 5696
399 8052 804 8163
2464 5014 2485 5024
127 9761 234 9776
5603 586 5680 1004
8550 1354 8659 1413
7781 6272 8154 6532
1873 6596 1916 6745
6456 9248 6481 9683
5281 3008 5468 3409
4265 8733 4369 8954
1 2450 319 2483
1707 7448 1723 7896
4252 103 4667 239
1892 7846 2233 8091
6429 5145 6811 5635
1243 8693 1468 8904
5292 7589 5348 7971
5223 1273 5253 1589
9890 7028 9919 7527
3843 9432 3868 9462
8234 7948 8529 8276
556 5773 600 5894
2833 8656 3148 8980
3109 2683 3237 3072
7855 9856 7980 9997
5918 7357 6083 7561
2451 5132 2509 5559
5562 2507 5781 2677
7799 5450 7822 5832
5608 2307 5888 2369
9913 9802 9948 9824
299 5077 649 5362
5122 8986 5226 9480
9419 1334 9669 1349
1228 62 1475 390
4657 386 4835 416
7462 2627 7476 2659
3880 190 4207 363
6256 5025 6393 5454
2384 212 2533 315
5651 1809 6011 2070
5453 5305 5540 5794
1470 1366 1652 1476
9692 955 9969 1201
4756 1021 4949 1510
7117 2871 7196 3220
820 6947 1014 7048
3316 960 3811 1444
8641 3395 8896 3473
7382 8590 7625 8970
1024 9915 1413 9960
2369 8883 2499 9111
4502 5517 4966 5568
9446 3703 9527 4171
7625 1789 7682 2173
8946 4203 9084 4569
2365 8541 2759 8701
9574 3902 9887 4223
1801 2008 2285 2197
4631 4530 4690 4889
369 7303 447 7523
1766 4354 2205 4376
3093 320 3289 455
9533 8393 9607 8616
564 7900 810 7962
989 1275 1379 1632
190 195 493 572
5787 6187 6089 6275
5103 9829 5130 9853
884 542 1166 810
132 9650 199 9696
9227 7370 9463 7536
3683 6633 3934 6849
9651 5731 9748 5948
2327 7373 2423 7444
2111 8392 2575 8482
3829 982 3913 1281
8268 4475 8563 4490
3012 7630 3073 8078
8038 4499 8247 4562
7060 3389 7435 3474
6456 8570 6502 8848
6994 9534 7071 9911
5994 6430 6009 6864
2036 4702 2107 4968
7394 9050 7518 9065
4753 1540 4766 1888
2318 4631 2627 4919
3294 9403 3389 9637
4606 7825 4695 8169
7532 9077 7556 9114
7915 4057 8077 4478
7431 7466 7555 7619
4566 9878 4865 9961
1325 1705 1369 1963
9003 1311 9154 1355
9511 506 9578 983
8247 3337 8324 3522
2954 3078 3408 3310
5174 3454 5622 3623
1982 9851 2280 9868
4580 7629 4654 7753
5234 2278 5327 2622
5966 814 6069 845
7893 5079 8158 5251
4056 2522 4206 2571
322 2139 711 2167
4620 6891 4673 7060
3151 3510 3518 3917
2013 4388 2111 4591
96 8320 484 8446
5572 5199 5754 5625
8697 8705 8852 9062
3143 6745 3438 7043
1568 1778 1747 2081
874 2640 1168 3117
6466 66 6743 354
9627 4338 9805 4565
1454 5444 1952 5560
4325 2934 4528 3410
5707 3362 5864 3792
7374 3035 7461 3062
3027 2405 3418 2481
5374 5951 5389 6397
5859 6623 5949 6768
390 1053 489 1084
8660 9122 9132 9137
4817 1945 5288 1974
2749 5856 3201 5982
399 6790 566 6953
4957 5657 5301 6051
2569 6522 2857 6934
124 5901 205 6198
7628 291 7682 570
3018 776 3086 902
963 7698 1384 7816
9656 221 9717 552
5153 278 5370 354
2487 1565 2784 1599
3460 2494 3888 2555
8820 554 8955 1052
5097 1093 5309 1225
8811 2587 8972 2662
9251 4979 9267 5070
6959 6758 7253 6997
6 1690 441 2125
4532 9065 4842 9313
6112 842 6363 1165
1392 6902 1586 7150
2506 7276 2962 7340
4928 8167 5000 8272
8112 4312 8298 4360
9319 2078 9431 2487
6568 5759 6675 6215
1359 454 1808 720
1656 4972 1840 5248
6114 4909 6195 5190
3382 4742 3462 5018
2036 4013 2473 4069
5339 1512 5553 1529
9038 6605 9237 6800
1556 7420 1706 7621
42 3980 74 4135
5825 2511 6017 2972
72 2562 393 2645
2994 6898 3122 7165
7498 3201 7519 3419
2827 6204 2972 6375
5311 646 5489 892
7418 4245 7443 4637
4076 9917 4279 9975
4319 9369 4736 9426
8521 4769 8872 4941
8513 5699 8754 5830
2396 6787 2412 6968
4508 2344 4822 2440
8612 398 9020 506
4247 5272 4394 5388
5790 5019 5814 5200
9302 8081 9478 8219
9910 8335 9951 8541
8442 3127 8499 3506
1015 4156 1105 4433
4486 9961 4581 9980
336 945 398 965
4088 1875 4302 1885
5146 7891 5194 7948
4812 6589 5045 6723
4927 4220 5025 4654
2580 6258 2725 6479
1894 9941 2179 9966
5702 9126 6124 9226
252 9730 488 9846
6156 2825 6542 3256
2087 1175 2369 1626
3756 9970 3881 9994
5667 9083 5686 9480
6217 1756 6267 2208
2272 5107 2340 5204
1845 4155 2296 4250
6922 3460 6999 3636
8149 8086 8205 8252
2657 9734 2802 9924
6955 8023 7360 8257
7542 11 7759 49
7043 2741 7080 3230
3923 8065 4236 8355
3435 33 3840 351
7364 5179 7462 5678
6284 5769 6341 5874
8165 3970 8190 4171
6877 7242 7087 7335
9963 8843 9979 9341
6555 6959 6933 7086
892 6138 1263 6542
8785 8635 9183 8691
1374 825 1783 865
2571 1758 2889 1937
7097 2736 7111 2879
3405 8465 3479 8703
2828 9828 2839 9858
303 9385 658 9694
8593 1434 8870 1903
2715 4285 2749 4310
8569 9646 8941 9776
3121 4675 3331 4728
4642 3961 4673 4100
9730 2134 9978 2338
3942 4859 4194 5060
504 2792 601 2897
7142 9956 7178 9997
4901 9606 5008 9955
9895 5912 9956 6107
3511 5618 3530 5636
7201 1857 7367 2342
1952 3431 2166 3682
6196 7906 6232 8367
9723 4611 9916 4641
9870 3655 9981 3667
6484 1497 6853 1552
4357 1355 4726 1714
3804 9783 3975 9969
9492 1872 9712 2317
9370 375 9623 412
7789 5834 8268 5965
3306 7756 3367 7885
4948 1525 5121 1740
7693 5230 7735 5274
4121 4408 4446 4838
1235 7161 1396 7206
18 2526 341 2550
5940 9417 6123 9494
9902 5146 9933 5439
6029 6842 6092 7235
1514 1505 1648 1685
2216 9485 2512 9564
9177 5654 9537 5716
1359 5786 1599 6075
6003 9809 6400 9859
3404 6527 3612 6651
7063 4315 7322 4374
1180 4182 1454 4497
7714 1061 7820 1416
2272 8521 2322 8826
5502 8838 5538 8981
2926 4959 3043 5355
1231 2050 1426 2080
4701 1793 4734 1954
8520 3826 8728 3836
9775 5278 9812 5319
5415 5397 5438 5720
9163 9890 9327 9973
7063 9026 7180 9036
2425 7604 2828 7801
7441 2826 7470 2991
6155 8713 6222 8966
8949 6962 9289 7085
736 4140 999 4296
9782 7813 9811 7898
3234 5364 3453 5583
5089 2897 5233 3206
3465 2177 3480 2276
1879 5726 1970 5904
4833 8074 5039 8156
751 2549 1246 2560
1126 2092 1176 2351
4983 6982 5111 7400
6233 6067 6346 6082
9029 9181 9137 9410
2618 9971 3003 9991
5783 5878 6198 6020
6731 6574 6792 6751
9046 929 9509 941
8928 1696 9266 1996
2798 2483 3207 2549
1884 1548 1959 1676
9961 2573 9991 2987
4196 6195 4419 6572
964 5756 1265 6034
620 1416 731 1809
1129 9298 1167 9727
8979 8904 9038 9079
4598 5138 4680 5240
877 1931 934 1965
3722 2318 4045 2405
1355 9082 1828 9299
9387 1710 9807 1779
2751 8097 2894 8148
2847 1684 3016 1737
2578 9118 2768 9415
6162 9339 6281 9589
8287 6805 8488 7076
3848 3410 3950 3838
7026 4553 7335 4714
3523 5078 3881 5181
1071 1761 1089 2193
8983 6476 9230 6488
7655 4674 7703 4865
8321 7345 8370 7762
6084 9983 6396 9997
7804 9651 8076 9839
9456 7843 9729 7980
2041 7388 2220 7715
7113 9510 7161 9614
3634 7489 3667 7558
7787 7776 8088 8010
4756 770 4896 862
5540 220 5900 239
6355 492 6427 507
2553 274 2962 744
6298 3509 6414 3975
9173 9583 9300 9815
2064 6259 2252 6640
296 5608 357 6056
6157 9888 6285 9933
6262 4588 6458 4808
4095 9022 4126 9329
5812 853 6086 1000
7895 513 8159 918
9902 5062 9974 5101
8785 4974 8991 5097
4419 6657 4489 6867
9095 126 9121 470
849 4863 897 5052
7525 5320 7569 5469
4071 2649 4225 2734
2320 5028 2344 5103
9889 9581 9967 9599
726 5062 1097 5164
3503 2817 3702 2858
3231 6033 3725 6154
9058 9986 9434 9996
5854 563 6186 702
3975 7180 4291 7558
8438 6252 8530 6390
102 6201 164 6683
7260 5579 7329 5932
5472 8127 5639 8160
9911 127 9974 363
6712 4662 6784 4764
9620 3639 9944 3653
6263 9943 6546 9967
1183 8586 1209 8937
886 4511 1212 4530
7445 4206 7621 4310
442 2908 488 3317
1240 4571 1712 4744
7112 4016 7513 4076
2645 4820 2661 5006
6609 2705 6699 2719
9072 1288 9337 1302
8201 3146 8230 3264
636 1207 756 1379
4925 3277 4974 3491
3010 9490 3147 9544
669 2752 851 3242
1381 9783 1679 9897
6462 2073 6733 2285
9293 1768 9327 1977
2746 3347 2770 3408
630 833 640 1046
992 7849 1476 8053
9950 4970 9986 4992
4017 3031 4232 3262
4514 3479 4531 3499
9732 1298 9858 1417
3219 3933 3531 4366
2014 9617 2107 9685
1962 3097 2142 3342
3889 7492 3955 7813
4322 6050 4812 6187
5550 7034 5921 7292
8684 4347 8879 4580
9315 3754 9440 3915
3194 4918 3349 5023
6834 6368 7249 6497
5618 8703 5994 8828
1742 6677 1823 6909
2318 3303 2601 3645
2161 7192 2489 7266
1882 594 1980 785
7884 1812 8116 1999
3551 5881 3899 6024
2073 6175 2115 6194
6519 5072 6688 5125
6422 1725 6649 1987
698 4428 789 4449
9198 8952 9388 9076
3390 654 3695 702
673 5515 1154 5541
9592 8067 9865 8371
4692 8294 4761 8431
3300 5823 3401 5898
9681 2556 9693 2621
4030 9670 4088 9802
6758 8247 6904 8458
8914 5343 9063 5723
6584 4387 6728 4584
5382 2258 5408 2427
7389 1838 7468 1954
3420 9365 3563 9413
6216 2473 6479 2757
4664 273 4682 299
9591 2368 9749 2548
4322 5556 4422 5618
4700 2132 5123 2221
4771 3088 4788 3428
8524 6722 8607 6946
6922 7377 7325 7675
4199 5988 4327 5998
5847 8977 6018 9014
5406 2808 5687 2999
9001 4688 9194 4918
4732 8084 4779 8184
16 611 90 976
4180 1078 4245 1275
2953 4136 3068 4553
2458 9272 2542 9361
8916 7330 8976 7533
3622 2561 3793 2592
4148 7909 4517 8002
7009 5040 7328 5455
5692 6473 5926 6568
3615 4058 3715 4395
3361 1923 3386 2135
7618 7041 8104 7439
2234 4559 2311 4650
8503 5229 8551 5572
4427 3575 4726 3830
4244 3458 4363 3915
46 6967 521 7206
1220 2158 1245 2533
982 5208 1269 5407
9595 8882 9617 9150
9877 7349 9887 7421
3422 6336 3873 6437
1147 4910 1458 5169
1699 4204 1741 4537
8664 7585 8891 7707
900 9272 980 9562
9931 2399 9959 2414
4823 8491 4858 8893
4468 397 4634 427
2554 749 2581 770
4319 905 4611 1251
3264 1379 3306 1403
7164 8385 7571 8456
6990 9312 7131 9397
778 1438 949 1733
7456 807 7848 929
5455 9337 5599 9385
812 1059 1071 1104
579 8226 704 8272
3276 9896 3340 9922
4202 9301 4267 9740
782 26 1122 108
3128 7229 3328 7318
4929 7516 5109 7637
9333 3100 9396 3253
6166 6387 6220 6471
133 7375 214 7470
4681 5247 4944 5310
5389 1024 5551 1290
8493 8613 8544 8904
5194 537 5395 569
3995 7582 4143 7818
522 4987 715 5070
6521 8209 6720 8433
5656 1184 6084 1298
4689 621 4748 783
8817 5112 9264 5320
5743 397 5758 825
9903 3686 9993 3985
22 2812 386 3099
7865 68 7994 469
2449 1397 2915 1522
1838 4290 2289 4351
9362 3977 9387 4040
6684 755 7108 789
5934 6112 6055 6177
7009 9041 7180 9250
72 1003 268 1091
4692 9968 4863 9989
1776 3859 1797 4121
168 3167 369 3639
7536 1266 7580 1734
6877 1875 7010 1956
1580 874 1645 1063
2205 7305 2389 7342
9417 9622 9724 9692
5843 4268 5863 4444
5389 5073 5575 5145
7277 6496 7654 6598
1054 8195 1096 8504
2609 3422 2749 3460
2168 3504 2295 3514
2885 9259 2928 9405
1566 9968 1842 9995
585 8705 840 8990
4532 3403 4695 3490
3492 746 3667 757
1123 9747 1211 9809
3831 4160 4253 4189
5379 2013 5502 2112
3372 803 3619 815
3251 8199 3710 8263
9570 66 9584 369
2165 9086 2352 9121
9835 593 9999 696
8071 3331 8096 3349
8645 9442 8825 9499
746 2311 765 2397
8076 9576 8156 9607
8046 3538 8058 3773
5926 3016 6072 3176
8509 9030 8563 9338
575 7230 699 7517
8880 2694 8976 2860
6489 439 6711 711
23 8517 361 8762
8271 1761 8380 2056
5850 5205 6077 5592
462 7693 623 7867
8977 7564 9057 7709
8713 4612 8819 4686
6816 5631 6978 5788
1384 2824 1405 2933
9230 8897 9373 8934
9552 1452 9603 1627
9985 6711 9995 7151
7552 9385 7780 9407
9759 2435 9773 2485
736 9626 876 9939
9672 8550 9864 8781
3798 566 4087 592
5737 4022 5823 4071
8685 5878 8738 6100
9061 6821 9317 6907
7374 9956 7849 9972
8347 2108 8362 2269
9315 765 9331 835
5300 2118 5401 2251
3650 1681 3775 1707
7649 3224 7729 3628
7295 26 7420 63
6099 1931 6119 2027
313 976 430 1004
38 5230 49 5524
6999 5745 7138 5771
452 72 554 90
9343 1394 9402 1694
2639 4185 2666 4261
5392 4823 5668 4870
7719 1867 7729 1984
7642 1476 7655 1508
1081 8721 1158 8992
3802 4267 3910 4481
9703 9126 9780 9293
2621 9796 2655 9886
2394 3660 2502 3705
6165 9750 6420 9802
8233 1024 8254 1336
6640 9290 6669 9378
8748 6152 8894 6507
8752 2828 8780 3244
5056 544 5152 754
6956 7679 7168 7956
9817 61 9898 295
8606 904 8733 1276
9341 2766 9373 3072
7026 866 7353 911
6830 2156 7083 2370
3892 1420 4109 1638
2470 1967 2622 2026
6499 9841 6662 9928
33 5031 160 5101
8710 6354 8746 6523
7512 2931 7995 3011
9034 9827 9244 9856
6875 5887 7238 5978
2077 8129 2239 8161
1490 9929 1605 9951
2846 5244 2870 5481
4130 8527 4208 8675
6589 954 6918 1173
8847 1109 8910 1184
5509 39 5763 132
1996 5763 2030 5851
8184 2529 8206 2916
5040 2255 5123 2435
7827 1289 7840 1572
9205 310 9514 368
5472 2119 5592 2208
7593 7475 7686 7636
4564 498 4827 530
9565 9932 9707 9961
5659 5641 5705 6011
4369 7122 4616 7238
5839 3819 6024 3946
3139 1291 3206 1311
1170 9505 1404 9536
5762 487 5797 834
3179 6420 3392 6731
3337 9943 3484 9982
6268 9034 6626 9241
1660 1025 1672 1172
120 7956 153 8252
7495 6910 7720 7009
3453 9680 3473 9795
5028 8182 5051 8457
5103 8133 5439 8165
6355 1185 6597 1218
446 5992 722 6198
8874 7738 8918 8102
6492 5668 6554 5916
1954 8748 2224 8970
3348 1586 3380 1895
5168 7324 5227 7381
3880 5734 3943 5812
572 5575 702 5625
8088 2232 8161 2278
5994 9253 6015 9404
145 9860 225 9885
5127 2216 5205 2601
4768 6229 5261 6314
388 2192 470 2452
8932 219 8963 238
4098 5693 4369 5836
1519 8847 1812 8951
6044 3293 6217 3313
1562 6529 1643 6617
8281 1307 8363 1337
6960 5036 6971 5154
756 1012 936 1051
1752 2246 1897 2284
5876 6089 6021 6112
7337 3575 7413 3919
8860 2899 8870 3143
2503 6958 2529 7048
9200 7543 9302 7656
2554 1240 2747 1295
4235 9844 4410 9865
6829 4443 6866 4880
8082 9216 8498 9371
4492 6216 4604 6460
6264 4108 6541 4547
4627 1731 4650 2125
2534 5260 2657 5470
157 4800 313 4836
997 3124 1175 3140
5494 8311 5924 8414
7965 6888 8225 6948
9090 9510 9161 9747
4489 8861 4802 8882
6476 7744 6821 8064
925 3928 1029 3953
1665 1253 1839 1652
8585 509 8778 630
8274 6442 8650 6473
3493 9247 3605 9267
4884 223 4894 409
9774 7602 9847 7666
8427 211 8798 387
4429 322 4463 538
2578 4092 2660 4157
4260 5102 4505 5213
6373 4921 6577 4941
5030 1137 5062 1373
6015 6042 6131 6053
5864 3515 6046 3720
6106 8077 6193 8439
3104 2163 3385 2356
5362 7729 5825 7987
8001 6647 8187 6762
981 6758 1188 6780
524 1572 601 1780
2135 6031 2175 6133
8164 7132 8569 7345
7903 9012 7918 9107
1190 2581 1418 2684
5161 4585 5349 4955
6698 9747 6771 9969
6270 6501 6450 6809
7417 5736 7600 5762
4353 5882 4809 5940
684 1966 799 2034
1829 2343 1845 2520
5721 7492 5768 7719
3704 1996 3738 2007
5874 1616 6041 1637
9727 9405 9878 9502
1254 7341 1528 7597
8175 657 8272 849
6479 3848 6589 4049
186 9534 264 9606
1997 5908 2446 5977
9643 4969 9861 5008
602 6366 814 6383
8817 7713 8843 7859
9472 9878 9554 9960
4628 8501 4654 8828
1594 8643 1892 8816
8612 3223 8641 3479
239 6151 269 6435
9973 7508 9984 7687
3188 6156 3228 6349
8 6744 315 6867
9471 3678 9748 3703
503 9877 566 9902
2401 6511 2423 6703
3539 3667 3678 3855
5162 4546 5458 4584
7226 7005 7325 7204
3137 1559 3258 1805
5143 9604 5254 9758
9810 1660 9828 1869
5104 2661 5214 2841
7178 2344 7421 2405
3394 7657 3416 7677
2321 9927 2691 9963
549 2554 683 2667
5603 7010 5940 7024
8502 8928 8664 8948
5262 234 5507 272
7806 9839 7819 9880
1263 5516 1389 5576
8688 3252 8821 3280
9941 5208 9994 5349
2116 4878 2245 4913
497 9845 710 9872
9124 6133 9313 6192
3350 8268 3701 8424
2601 7008 2706 7116
1225 1773 1236 2004
2195 3782 2246 3985
8311 9713 8349 9871
3451 8903 3700 9129
8975 6702 8994 6961
503 2202 902 2276
2267 6213 2544 6476
7201 9197 7538 9510
6582 9500 6697 9824
816 4488 879 4525
77 4531 150 4652
5484 6572 5844 6716
9962 7730 9985 8164
2722 31 2784 81
9778 3485 9821 3519
2492 4335 2523 4399
4757 51 4871 359
5173 6433 5420 6698
7268 2667 7331 2864
8826 3176 8850 3372
4045 9289 4063 9338
3799 9367 4135 9425
8012 1109 8140 1554
4959 359 5070 428
5618 5748 5635 5786
7426 9010 7489 9026
8871 1578 8912 2068
3340 2562 3372 2700
9903 2695 9935 2900
7911 5741 8188 5800
8325 4039 8576 4054
2117 2277 2280 2382
2491 4997 2577 5113
1946 2290 1959 2301
3733 8225 3793 8352
475 8466 596 8533
877 9330 888 9742
1501 6079 1550 6211
882 3982 1206 4086
8817 9251 8856 9325
7505 4351 7614 4433
9352 7141 9560 7356
6068 6534 6152 6751
4806 3985 4934 4118
9396 6241 9677 6360
789 5806 825 5997
7633 4223 7785 4417
5770 1012 5930 1055
6262 8001 6420 8081
4304 9436 4452 9465
9453 1838 9468 2189
4466 6543 4671 6630
3737 6072 3760 6187
7352 2628 7396 2753
438 3427 592 3484
9765 789 9781 860
1265 6041 1330 6184
2745 7185 3059 7241
6664 8797 6693 9150
