10
0 1000
100 600
600 600
800 900
1000 1000
900 400
2200 300
7100 700
3600 500
800 1400
43
3300 700 4300 1200
3100 1000 3300 1300
1300 500 2300 1000
800 1100 1000 1400
600 1200 800 1400
400 1000 600 1300
0 700 200 1000
400 600 600 900
600 700 800 1000
800 600 1000 900
1000 700 1200 1000
200 400 400 700
600 300 800 600
900 100 1100 400
1100 200 1300 500
2000 100 2200 400
2200 0 2400 300
2600 300 2800 600
3100 200 3300 300
3900 200 4100 500
4100 100 4300 400
4300 100 4500 400
4700 400 4900 700
4800 800 5000 1100
5100 900 5300 1200
5100 500 5300 800
4900 300 5100 600
5100 100 5300 400
5300 300 5500 600
5500 700 5700 1000
5900 800 6100 1100
5500 0 6500 200
200 1000 400 1300
1200 1100 1400 1400
2700 1200 2900 1300
2900 1200 3100 1300
4400 1200 4600 1400
4600 1100 4800 1400
2400 600 2600 900
4200 1300 4400 1400
3400 1300 3600 1400
4500 900 4700 1000
3100 500 3300 600