25
55 468
415 559
425 585
405 598
440 598
450 598
480 598
490 598
365 611
385 611
415 611
375 624
315 637
460 637
500 637
405 650
425 650
365 663
385 663
450 663
480 663
375 676
415 676
310 689
360 728

79
50 767 75 780
365 767 415 780
285 754 335 780
45 754 75 767
60 741 75 754
355 741 415 767
455 741 505 780
100 728 115 767
355 728 365 741
445 728 505 741
210 715 220 754
455 715 505 728
425 715 435 728
370 702 380 715
170 702 190 715
445 689 465 702
500 689 510 702
475 689 485 702
410 689 420 715
305 689 315 728
150 689 190 702
400 676 430 689
475 676 495 689
445 676 455 689
360 676 390 702
320 676 330 689
400 663 410 676
445 663 465 676
475 663 485 676
360 663 370 676
380 663 390 676
150 663 170 689
390 650 410 663
420 650 430 676
310 650 330 676
370 650 380 663
190 650 200 689
250 650 260 689
360 637 400 650
455 637 465 663
495 637 505 676
410 637 420 650
310 637 320 650
165 637 175 650
360 624 420 637
400 611 430 624
360 611 370 624
380 611 390 624
165 611 195 637
45 611 65 650
435 598 455 637
475 598 495 637
400 598 410 611
420 598 430 611
410 585 430 598
165 572 185 598
225 572 235 611
410 559 420 585
45 559 55 585
190 559 200 572
45 546 70 559
180 533 210 559
55 520 70 546
160 520 170 559
180 520 190 533
200 520 210 533
470 494 480 507
485 481 495 494
285 468 295 507
300 455 310 494
330 455 340 468
285 429 295 455
110 455 120 481
140 455 150 481
50 442 60 468
65 442 75 468
180 455 200 468
190 468 200 494
180 429 190 455
