100
6000 1070
8940 6740
1140 2630
5560 9880
1290 4900
4660 90
4470 7740
7840 9650
9360 8270
160 7440
7850 770
5310 3750
3080 2950
3510 7550
5910 5460
4790 7480
3100 2080
2040 240
4280 4620
8200 6150
3640 2740
8380 8050
1580 3390
9070 3450
2570 830
8920 4010
6590 1150
4210 720
1260 9820
7990 9680
9660 3870
9740 5590
9320 2070
6990 2130
1470 5560
4600 7040
8150 9190
2490 360
8740 1630
9210 1600
3830 4450
600 9910
1160 6720
7560 3460
1360 6530
1210 8170
290 7200
5190 5510
4220 2030
50 140
5660 3110
6820 3550
1020 8940
6360 550
4140 7800
9460 590
5640 5010
6120 260
1550 1270
6080 1280
4440 520
9830 3060
1780 4050
1710 7610
8960 5800
1760 5710
3780 1320
6540 4640
1410 2760
7180 1770
780 7180
3010 6120
2800 2150
1620 690
9750 7640
7880 740
3360 5640
6850 1040
370 5110
820 7110
7930 9630
3720 1350
770 7230
5630 3670
3940 3010
7090 4030
4770 6240
7950 9020
5970 7700
1150 9510
9290 7670
8660 8610
8900 8080
400 3080
8140 1480
490 9010
3710 5680
8510 1360
4110 1830
8470 980
10
4490 1500 6720 3030
9010 6180 9130 9990
1820 1130 2730 7810
6450 3650 9250 3860
5070 6260 8210 7490
6740 4160 9580 5770
2180 7830 7670 9830
7950 2600 9570 3010
4460 850 5790 1040
9840 2740 9940 8550
