100
3718 8719
6371 1030
1196 9286
5499 2601
3879 7761
4837 283
6325 2093
3320 7907
4847 6050
1865 4198
2523 7433
4578 2687
8674 7571
8023 3817
7273 1403
7519 6900
190 9416
6652 1311
310 129
2105 3734
208 5486
86 7070
694 9555
573 1352
9740 9920
3246 5012
6104 9107
719 4442
5845 4790
7788 7207
8818 4545
1709 1283
7181 1790
177 3509
3532 4242
3998 6599
8004 2091
9857 98
2887 8298
6824 880
447 3934
4887 647
415 182
9730 3475
3415 7493
286 6644
9563 8127
5777 5451
1078 6923
4750 2301
4831 8387
3011 1888
3551 9896
1228 122
4252 376
4407 1458
2584 3241
9750 9092
9856 1216
2356 6872
185 790
8216 7766
1385 2190
4003 1080
8081 1031
2824 1427
4038 1938
9777 5247
6582 2768
5486 5610
8997 9611
1708 6158
8026 432
1049 4204
244 5090
389 3914
9219 9380
4760 7166
4606 1806
1844 3488
2432 3689
3254 9898
4487 2620
6773 8971
1184 2840
3620 4977
5896 3991
5133 780
867 5901
3595 5531
2534 6529
7515 7940
7563 7722
6755 4755
5527 8462
3628 9742
7903 4905
8972 1455
8124 8962
4055 3789

500
6785 8286 6997 8483
1412 30 1584 232
6569 3131 6900 3236
1690 2076 1829 2474
7266 7142 7300 7534
5108 2442 5588 2484
8863 8834 9044 8954
6700 1066 7034 1308
4877 734 4961 1161
677 7815 1039 7879
4071 1268 4252 1571
6591 9162 6901 9197
4451 7916 4719 8225
1176 7993 1339 8097
5092 8137 5374 8442
9080 1013 9187 1149
1945 489 2302 617
9282 3130 9404 3269
2103 9441 2384 9733
2881 3561 3015 4033
8500 7582 8642 7848
4781 8468 4836 8884
6113 9204 6492 9686
6998 6194 7228 6230
4751 7011 5183 7148
9674 1373 9763 1620
9511 8540 9573 8807
246 7599 262 8078
1281 2391 1665 2682
7069 2689 7443 2830
4383 8723 4754 8796
7615 6185 7859 6281
5742 8173 5935 8633
1654 9080 1682 9467
345 6907 813 7338
6218 4224 6542 4311
9580 880 9713 1366
4348 172 4526 410
5216 2602 5679 2730
7818 4330 8129 4771
4552 2202 4792 2237
8146 4866 8459 5273
2115 6353 2377 6584
1015 4646 1181 4927
2441 2366 2649 2527
265 8704 734 9085
5090 5433 5480 5774
8215 2331 8397 2393
3371 8758 3549 9200
7183 3044 7380 3446
6214 8356 6444 8788
2272 1282 2568 1648
9102 2478 9402 2734
510 8421 949 8649
8063 9327 8324 9758
8658 2939 8733 2980
903 1595 1066 1798
5418 3591 5673 3838
2628 5734 2783 6002
3072 5662 3434 5939
8981 6124 9076 6571
1072 3791 1248 4153
9932 3802 9976 3813
2124 9753 2538 9897
8392 8418 8712 8813
7673 1346 7769 1660
2705 1974 2910 2086
788 7525 875 7608
6659 2752 6824 2959
3036 5963 3449 6093
1107 6312 1198 6612
6526 9416 6950 9797
1955 3472 2140 3568
2499 3133 2597 3227
8739 9288 8787 9550
6046 935 6162 1050
6961 5504 7441 5554
6006 7757 6268 8078
4119 6268 4248 6397
5681 4339 5895 4497
4542 557 4746 739
5765 180 5959 325
848 6310 1001 6674
1821 8880 2178 9274
9952 1118 9989 1265
1129 3245 1213 3526
2454 6570 2786 6969
2916 9512 3299 9777
1440 4916 1537 5021
626 1099 953 1332
2373 4217 2504 4337
5873 7237 6163 7380
1628 1024 1642 1299
1366 3225 1439 3517
5226 6950 5717 7261
6132 326 6450 800
1633 8358 1656 8601
421 2657 866 3096
5258 1337 5567 1412
8788 9217 9103 9367
5119 4350 5311 4529
9582 2495 9970 2828
4346 1521 4843 1638
6265 6424 6746 6729
3420 4092 3817 4133
4427 8484 4490 8691
8737 515 9097 659
3079 997 3449 1406
6114 1544 6428 1941
1667 8007 1851 8481
9891 7257 9939 7362
3170 7706 3368 7837
7563 232 7931 507
6996 5319 7128 5501
5742 3648 5822 3863
7968 674 8025 723
9705 627 9926 685
7383 8081 7852 8206
7882 7849 8378 8329
6295 5900 6741 6147
8647 7244 8726 7383
6407 7414 6425 7777
7202 734 7421 797
6846 4751 7224 4845
5266 2789 5430 3036
3851 9741 4066 9936
9217 8995 9716 9121
3623 9364 3757 9657
3558 946 3761 1057
1268 9712 1514 9863
5759 1330 6086 1428
9563 6977 9921 7167
5133 1182 5212 1648
5973 4587 6180 4700
8581 4529 8649 4652
6293 2627 6393 2704
1193 1723 1383 2111
8989 4282 9459 4645
1833 5413 2189 5680
8060 172 8280 429
9342 3457 9530 3897
972 2733 1370 2786
7146 2007 7640 2262
8280 3010 8417 3269
3049 1711 3304 2121
9664 144 9677 223
7861 3461 8292 3625
344 649 820 676
4804 2458 4916 2542
1715 4950 2098 5124
6771 3507 6999 3791
1582 7842 1979 7853
2940 7679 3039 7784
4690 3863 4744 4206
4630 9448 4642 9537
5306 9969 5408 9998
9753 8775 9920 9064
1327 1065 1489 1479
7993 5903 8313 6113
7878 8595 8316 8703
2254 7672 2642 7982
2229 8947 2674 9389
9900 5947 9930 5975
324 5159 548 5416
3326 8021 3444 8412
1470 3831 1913 4002
255 6473 494 6598
4810 1715 5041 2082
792 8655 1030 8767
2302 2308 2700 2361
40 745 184 1061
528 150 962 184
565 6556 797 6679
4992 8831 5470 8965
3943 2664 4155 3096
1493 1388 1816 1763
739 5478 1129 5601
9147 6090 9352 6191
1412 7123 1833 7438
498 9482 663 9667
1572 5341 1717 5377
7336 6409 7465 6643
9645 3927 9897 4169
3161 7509 3510 7574
4442 6246 4478 6426
7200 3908 7450 3921
1118 4157 1393 4491
9790 9116 9808 9299
3079 4606 3129 5099
4939 9178 5311 9440
1929 9562 1961 9605
4098 3655 4536 3729
5783 5891 6177 6303
2804 4120 3051 4234
2540 8470 2561 8737
2038 7978 2160 8138
3039 6732 3473 7123
9434 8397 9590 8442
7519 36 7554 300
6249 2873 6593 3091
1613 835 2021 894
2375 873 2859 1282
105 5725 138 6071
168 2185 242 2622
7332 3552 7612 3577
2135 2686 2230 3104
5695 424 5964 564
9101 8438 9359 8724
3960 2384 4398 2640
9456 3285 9714 3389
3850 5411 4111 5817
5336 9516 5547 9573
4535 6446 4642 6537
9957 8493 9983 8567
3775 9146 4274 9369
3705 1620 3898 1943
8733 2677 8914 3038
6319 4923 6632 5346
9594 8522 9668 8695
4705 2642 5084 2855
2666 6094 2939 6141
1277 5056 1549 5548
7701 1685 7851 1871
1950 9704 1975 9980
4586 7440 4678 7886
5341 6532 5382 6566
3483 2496 3589 2595
5170 8507 5335 8655
201 6090 594 6380
5462 9593 5679 9755
4347 3444 4398 3498
5728 5696 5982 5795
40 4094 296 4578
5991 2333 6162 2475
7955 6171 8367 6616
4442 5613 4786 6011
2876 8687 2941 8822
4295 1229 4663 1435
4942 2266 5122 2309
3878 2249 3903 2687
1752 8572 1788 8641
9710 5056 9773 5103
102 11 389 65
7345 5729 7491 6196
8538 2379 8679 2749
7359 8900 7489 9373
6449 3845 6831 4134
8460 1237 8570 1630
4650 9451 4936 9475
2752 4735 2825 5130
2528 7108 2753 7446
5147 6313 5241 6599
5314 4533 5504 4751
7701 84 7819 131
9663 2124 9956 2482
2427 5111 2635 5452
348 199 839 342
8359 3343 8406 3635
6431 1827 6780 2163
1069 9884 1552 9933
2787 5164 3239 5306
2201 3887 2269 4245
7150 5011 7303 5306
980 8101 1368 8376
6564 1149 6599 1317
2024 151 2037 399
4436 4738 4605 4973
1542 2903 1850 3389
5648 9057 5689 9294
7840 3954 8095 4020
1074 1689 1149 1890
1034 164 1119 282
1128 83 1192 300
8217 2884 8275 3145
9840 9686 9918 9747
334 2727 408 3223
7043 7371 7211 7825
6498 9310 6511 9397
5934 3277 6350 3729
630 3105 787 3442
7684 1983 7818 1997
6637 582 6683 837
2113 7081 2335 7252
3200 595 3375 643
1319 6006 1360 6117
7195 7953 7461 8031
2983 7992 2997 8109
2378 8202 2681 8464
2570 2622 2811 3082
3503 6777 3846 6883
5725 9519 5952 9895
6348 1239 6432 1418
4088 1995 4168 2238
4345 1834 4562 2120
9983 9457 9999 9777
1031 2952 1344 2975
5337 3235 5667 3269
7008 1397 7239 1693
8556 5845 8698 6096
8956 5645 9422 5819
9539 5724 9665 5799
4207 7076 4336 7136
7087 8384 7227 8402
2831 8553 2873 8805
5901 2159 6217 2190
3520 7984 3872 8258
1007 8995 1018 9364
5569 7557 6003 7975
7450 3144 7693 3212
1910 6870 2095 7226
4814 5267 4883 5502
3808 8772 3852 8902
5985 5411 6199 5636
2537 218 2548 455
7701 2373 7890 2829
6520 2639 7011 2742
8116 6666 8299 6804
1383 270 1847 477
9022 1363 9457 1780
4244 7454 4272 7618
7930 2584 8296 2850
6484 1636 6823 1666
584 3759 1030 3784
3165 3320 3609 3539
3998 479 4089 964
899 9935 976 9958
7485 8536 7826 8706
8209 21 8559 57
3159 7226 3310 7307
1804 6242 1864 6281
3778 3546 4155 3568
2996 1502 3495 1553
1287 419 1321 444
274 9712 287 9929
8361 2714 8536 2780
7900 863 7915 1254
9689 5574 9908 5718
8794 6091 8959 6219
2260 3374 2416 3863
8320 7572 8336 7742
6546 7230 6862 7528
1071 1212 1178 1484
8026 3745 8133 3852
4547 9844 4816 9953
1074 6997 1377 7108
1329 4538 1807 4775
2040 953 2064 1409
4755 4603 4918 5057
7487 823 7658 977
7098 522 7222 603
4837 6932 4999 6943
9797 7884 9860 8354
9441 9348 9514 9599
2570 8646 2630 8707
7937 1598 8020 1695
865 6731 1063 7166
1019 787 1287 1153
6629 4207 6805 4611
4180 2722 4374 2884
7735 5520 8188 5540
8764 3698 8961 3861
7061 9943 7513 9992
1448 4134 1532 4171
2108 4815 2199 5089
2780 141 3179 367
2243 7294 2356 7594
22 5682 192 5724
8067 772 8390 960
365 395 616 598
7526 6662 7935 6834
4346 5310 4737 5387
3607 7269 3749 7459
6983 7193 7075 7296
6861 8601 7314 8809
3210 390 3379 473
8578 4067 8600 4222
284 6718 358 6904
8704 26 8907 179
1024 9315 1265 9381
2113 985 2290 1138
7568 4356 7773 4833
8940 179 9346 495
6069 6416 6197 6640
1919 8234 2086 8266
3102 531 3354 588
1940 1309 1981 1617
8966 7270 9007 7597
8379 9967 8487 9982
8424 6547 8625 6574
8710 729 8772 781
3285 5574 3536 5606
440 2279 534 2561
5602 785 5734 1155
4430 3786 4606 3829
6674 104 7084 436
47 9386 129 9655
1196 2530 1237 2565
6429 6762 6617 6791
3130 4401 3569 4412
535 2005 734 2239
3842 3659 3969 3942
6849 2228 7133 2633
7869 1259 7891 1461
3875 8306 4205 8756
9843 7592 9933 7609
6446 4701 6612 4717
8790 8304 9098 8412
7524 1496 7616 1827
759 1855 809 1889
3798 974 3900 1088
8088 5735 8460 5761
5928 2193 5953 2206
1001 4115 1039 4294
2832 2622 3281 2976
5157 3749 5344 4040
4126 5705 4234 6203
1329 9512 1499 9557
4375 7371 4831 7429
4061 7649 4433 7979
9474 7330 9484 7433
37 6561 69 7018
5333 4066 5526 4240
2134 6015 2393 6248
1781 914 1809 942
1026 2988 1335 3051
7339 7751 7483 7876
4147 9674 4289 9874
6233 828 6473 963
340 4497 363 4932
6492 9967 6655 9983
8489 9721 8722 9797
2284 1972 2305 2111
4849 8642 4977 8720
8420 2861 8441 3034
3397 7764 3850 7980
1330 8867 1352 9246
888 2842 1014 3193
3761 3215 4169 3487
4645 6258 5113 6648
5098 166 5476 638
58 3515 173 3851
4969 9891 5055 9918
9576 567 9587 872
8077 1163 8550 1189
6950 6241 7385 6404
4728 7438 5207 7690
4294 5404 4393 5511
4338 7023 4520 7127
9892 315 9937 437
34 4705 292 4924
150 8093 199 8413
2225 1944 2258 2378
7154 3504 7568 3523
4170 811 4323 997
3654 6229 3825 6315
8892 2172 9310 2456
7144 3537 7279 3851
884 2034 1038 2131
4084 4116 4316 4247
3882 8068 4140 8187
7020 6436 7039 6819
9295 6505 9725 6627
8344 308 8380 730
5836 1434 5984 1561
4204 8817 4310 8971
5514 5795 5695 6245
9372 2795 9432 2969
1836 6359 1969 6626
4787 5155 5230 5209
8524 7978 8821 8101
3815 2726 3859 2979
2751 2339 3127 2509
2532 736 2645 783
2139 2531 2316 2678
144 3256 492 3331
4496 2472 4791 2483
1677 24 2014 258
8404 316 8784 368
222 3679 321 3822
8070 7442 8211 7483
1024 2191 1051 2450
4207 7201 4348 7296
8829 7903 9049 8037
2766 9912 2889 9952
4503 8959 4521 9334
3204 6560 3479 6720
6560 8596 6623 8671
5964 3014 6083 3203
8643 5342 8734 5456
3580 3808 3781 3883
6058 4027 6114 4112
4801 4089 4960 4419
9405 233 9895 263
6731 6749 6742 6941
4694 9099 4727 9341
3939 5184 4146 5367
9438 368 9519 523
409 7886 880 8257
9211 6674 9432 6776
8713 4162 8851 4456