200
6443 1232
7031 2461
3624 9510
1866 4120
3621 9157
6336 3470
3600 6773
1686 519
4624 6990
944 3719
2367 57
2992 9084
172 4691
179 8128
8873 752
8263 9953
7108 4883
9828 340
2828 1346
6862 3144
4253 6775
3878 2443
9826 4990
416 146
4475 6145
9358 2082
8528 4424
1575 3231
5135 6104
4556 4394
5492 8879
6340 5000
2914 5822
8504 5732
31 352
5769 2806
9410 5627
2046 8136
7822 1703
5996 3298
4026 9688
9345 4022
736 3588
3073 9566
9071 2357
7484 787
5362 7570
8928 3448
5545 826
4414 6237
9008 4740
2936 5920
6183 7569
667 5654
9918 8209
6203 2753
4393 9402
9694 7042
9963 2708
4683 511
4663 6035
1584 1155
5879 903
8325 3976
8441 2981
7252 9605
8188 2451
5782 3175
14 9622
6076 2385
1763 9388
9250 6931
6213 9337
3134 5906
8567 5978
4722 4343
4558 2783
5859 1723
344 4116
6686 6367
1436 8350
3292 7950
6742 6476
4717 804
5406 1655
1969 9847
8856 8416
7371 3047
1586 5960
192 4272
7971 5971
1796 416
1143 1727
4305 5990
9253 5900
3403 3711
6660 9330
7386 7900
4004 5148
1793 523
9331 8809
4860 3224
6277 8869
9205 2834
1016 2706
6570 1621
9696 6573
7474 1526
4284 5387
8849 5876
2904 2334
301 8621
2825 6258
4447 3773
7300 2021
5451 8609
3905 3750
3219 4287
2941 7252
2405 6079
9341 9624
4898 2210
4010 9482
7611 1834
787 1433
4191 3748
807 751
4809 8622
1911 9295
2706 8726
4532 3015
1085 5755
2003 9116
2273 1917
94 3829
9379 8518
6785 3902
4131 1231
7939 1787
5547 1931
3091 1890
1864 4576
6178 8244
3773 2139
5720 5516
1025 1043
1675 2812
7389 3512
8357 355
989 404
5054 1805
9872 4286
1347 2053
7298 1513
2156 5912
3326 4195
2946 7310
7663 9681
1891 1763
3160 2991
6539 5854
1641 5130
1950 3592
231 2710
2735 6190
3344 459
8795 7884
7264 4779
195 2902
4271 6807
1835 5193
5340 7297
9070 2558
721 4050
9702 4065
3270 1731
6368 1431
1018 1485
9911 141
4330 7084
5977 6934
3316 8832
2511 8430
3093 8896
6659 1143
4345 4826
8655 8854
6152 8806
2397 8343
7738 8934
4938 605
1568 8164
8844 1690
9751 9191
4700 9990
2767 516
3785 3021
6506 2236
8975 5828
74 1169

500
319 766 376 1050
1698 1299 2060 1539
634 1747 1056 2152
1280 3461 1480 3939
3887 8871 4143 9014
4500 1018 4781 1328
8359 7961 8772 8135
1963 765 2069 936
6131 8280 6507 8322
8818 2170 9215 2301
8034 2861 8244 3056
164 7567 471 7825
5660 4989 5732 5259
9330 75 9741 397
6916 5252 7021 5748
5132 7305 5149 7628
856 7952 1338 8444
5763 362 5922 785
2463 6064 2865 6074
5480 3290 5883 3528
8885 3101 8917 3360
994 7425 1254 7514
2542 5686 2875 6047
4505 8967 4963 9029
8586 4205 9062 4659
8592 73 8895 524
1233 9339 1528 9354
9708 6705 9883 7087
3036 9110 3364 9409
508 110 688 150
3835 7617 4201 7827
7679 9322 7702 9393
1144 8463 1532 8938
1371 7039 1702 7484
7947 8061 8280 8409
2248 1615 2261 2071
679 9716 1165 9969
3348 6441 3491 6823
5434 4906 5635 5087
2782 9289 2922 9775
9616 5821 9648 6279
9030 8718 9158 8853
9747 2244 9783 2565
8483 1094 8848 1581
333 3030 518 3182
8291 7134 8526 7221
2522 2588 2857 2698
7911 736 8044 1233
5413 1205 5883 1577
8181 4206 8266 4222
9735 3151 9936 3311
88 1752 208 2002
628 5834 1061 5855
7413 1179 7504 1340
9853 3885 9942 3937
4829 9889 5123 9949
2158 8092 2395 8572
1631 98 1991 207
5683 8383 5896 8427
1505 6057 1771 6141
1146 6668 1623 6979
4333 9756 4532 9901
4305 2294 4648 2458
2100 711 2261 996
5383 6702 5788 6797
7061 9139 7292 9225
6532 2612 6564 2810
1747 3855 1836 3902
17 6419 37 6718
7373 8233 7639 8431
9920 9610 9998 9788
7928 8489 7994 8934
3282 2550 3506 2937
9554 1474 9630 1924
6337 8537 6642 8604
4213 3198 4305 3694
1632 2987 1725 3172
9192 4101 9228 4118
5817 7793 6301 8212
4890 1146 5363 1450
1501 760 1867 889
7328 6411 7348 6820
22 7184 297 7390
8587 9368 8647 9419
1009 192 1141 448
3386 367 3517 679
664 409 687 666
9816 7377 9861 7423
330 2623 724 3010
5861 1170 6341 1188
656 8368 680 8543
9926 8164 9972 8358
3147 1132 3487 1422
8602 1810 8656 2100
8763 7070 9001 7306
6407 7715 6593 8199
6885 9917 7031 9961
5343 2470 5796 2754
4873 193 4902 609
6911 4344 6951 4830
1478 4705 1838 4897
7597 133 7868 419
8435 3904 8699 3918
3818 2539 4306 2913
3142 7751 3200 8059
8590 3380 8977 3416
869 6931 991 7232
6089 5181 6292 5565
7865 8944 7905 9032
1920 9155 2391 9610
5690 1773 5987 2147
9890 431 9923 570
3534 5485 3716 5677
6082 3565 6548 3881
2804 7932 2958 8011
2683 8153 3006 8211
795 8689 1118 8872
6546 2040 6958 2334
7756 4362 8091 4372
5905 2525 6402 2582
4447 3212 4694 3668
274 4177 705 4671
192 4817 557 5179
5943 3660 5978 4034
2903 8587 3072 8969
1364 4061 1443 4464
7867 5015 7937 5144
7499 6487 7739 6523
5276 7930 5653 8341
7760 6502 7797 6771
790 3044 807 3396
2358 528 2696 743
6397 9639 6421 9675
4968 139 5222 328
3852 3586 4208 3670
2830 2972 3091 3111
8761 1685 8789 2152
8519 5421 8648 5722
3801 6979 3847 7375
2291 4903 2533 5138
8750 9470 8884 9698
8174 8768 8622 8940
9011 6373 9156 6857
3079 3986 3320 4144
118 6855 584 6949
9241 7687 9282 7846
6979 8729 7415 9076
8135 1630 8338 1755
201 3283 274 3437
1050 5204 1379 5344
8005 2499 8472 2578
2930 3549 3276 3857
9300 5100 9492 5404
3601 4201 3772 4605
9839 8281 9893 8385
5979 9756 6018 9888
2532 8453 2853 8511
9989 6007 9999 6068
2859 161 3065 293
7783 5878 8251 5916
599 5413 883 5633
7672 1413 7685 1606
1948 6224 2378 6592
2134 1023 2557 1396
7154 5723 7322 6124
6809 7021 6890 7157
988 6151 1277 6367
7326 1057 7337 1152
9245 5667 9638 5720
1820 2775 1970 2855
1688 2552 1705 2946
3561 6929 3786 7363
7878 1868 7897 2352
370 8737 683 9129
9524 2593 9914 2775
7030 1636 7141 1941
417 5878 581 5912
5340 6070 5449 6486
6632 6105 6968 6157
5886 4121 6192 4579
8948 1770 9204 1850
924 2625 1333 2684
9449 2416 9517 2896
3116 699 3441 919
173 8630 354 8938
9807 6251 9819 6313
88 6365 247 6737
6435 9238 6521 9605
5219 3424 5409 3489
2071 2232 2469 2299
763 4485 1165 4803
1421 438 1832 519
9561 8407 9653 8512
7065 3329 7221 3505
6574 1292 6899 1333
4892 3789 4933 4159
4039 1408 4475 1560
9422 902 9720 1045
4760 4626 5056 4877
5146 3567 5417 3731
6235 3196 6601 3446
2947 2032 3299 2109
8616 1667 8722 1679
3609 8795 3733 8994
9490 3721 9785 4056
7942 6126 8311 6218
1077 2998 1417 3223
2763 4722 3059 5219
5721 5584 6022 5704
6130 7231 6449 7438
3352 4194 3508 4474
7596 830 7630 990
3503 8218 3993 8655
3575 2733 3777 2939
479 6361 946 6641
1261 1975 1344 2394
9431 5070 9545 5084
6715 9411 6767 9438
3904 6615 4159 7071
3681 1660 3928 1926
7547 4783 7738 5101
9784 3652 9997 3670
2438 4280 2617 4525
5904 5284 6022 5304
376 6038 673 6277
1871 2255 1907 2622
6987 8121 7117 8437
7811 6800 7885 7205
611 3596 657 3886
278 1654 385 2019
568 1116 598 1255
8016 9693 8256 9918
1165 731 1368 775
5024 538 5522 1002
3368 3863 3517 3897
1860 2951 2262 3083
2663 9910 3109 9992
8025 4740 8141 4894
6583 52 6678 456
1605 5360 1845 5845
9651 9524 9671 9624
4524 4085 4832 4302
1747 9891 1868 9956
4038 4470 4075 4713
105 1583 206 1746
72 9066 104 9180
3448 2073 3699 2514
385 3939 448 4026
1791 8733 1904 8825
9123 3529 9388 3848
7278 9855 7533 9883
4174 5025 4213 5445
9839 8961 9876 9306
761 8987 1049 9359
4492 4451 4688 4908
5101 4482 5248 4513
1364 2145 1770 2221
4753 8573 4976 8619
1980 327 2084 379
5494 4481 5728 4775
6993 1128 7152 1173
720 7247 1136 7266
9166 8978 9471 9118
7395 6405 7421 6689
948 777 1308 965
8174 5369 8301 5742
3139 8348 3374 8612
8933 8948 8996 9160
3156 9989 3353 9999
2423 6333 2899 6800
7751 2700 7975 2720
8827 878 8878 1008
1882 7728 2054 7846
3131 4927 3233 5241
3663 3706 3865 4033
832 9512 1231 9687
1232 1281 1557 1462
3933 9171 4308 9352
1086 4190 1204 4299
9768 4714 9963 4924
2554 8272 2790 8445
6323 904 6464 949
88 4136 191 4263
6274 2985 6681 3196
645 5875 666 5920
2099 3271 2353 3726
6087 9341 6335 9369
886 7568 1036 7692
1546 9151 1689 9528
9912 5493 9979 5628
6900 8006 7344 8030
8076 4392 8361 4672
3767 1175 4022 1219
7411 5729 7712 5998
3112 8258 3159 8338
9410 1168 9638 1342
9455 3090 9522 3506
220 3462 415 3704
3478 5826 3789 6034
7629 2056 7808 2403
2236 5718 2342 5854
7080 2933 7090 3305
222 2400 273 2655
9000 5585 9190 5647
8812 4880 9171 5362
6997 880 7369 966
2480 1569 2652 1642
2857 7457 3227 7531
6958 3763 6972 3834
9875 3981 9936 4016
4618 4 4847 403
5484 9385 5983 9738
5528 8639 5968 8671
3887 3173 3947 3579
9507 1966 9650 2068
4522 9696 4705 9751
5863 4885 6273 5101
5147 9786 5319 9808
1284 188 1540 251
9122 7853 9477 8260
9954 74 9966 379
3044 7270 3120 7434
5971 1285 6251 1699
5485 9755 5910 9865
9610 3617 9633 3628
4464 5235 4701 5369
7980 112 8085 424
2532 8054 2646 8099
7136 2482 7413 2504
243 6064 376 6269
31 1170 230 1315
7902 7074 8279 7337
8602 4806 8769 4928
8102 2221 8161 2294
4212 619 4682 706
2815 4486 2922 4590
1554 8526 1974 8564
3970 9866 4225 9963
3235 1746 3268 1873
3977 3903 4104 4076
8373 9423 8670 9567
1756 5107 1804 5332
9799 572 9903 936
1307 4506 1460 4675
6138 1937 6177 2109
2504 3375 2693 3469
1381 2236 1829 2539
7751 7921 8123 7993
360 8514 414 8640
6517 4104 6625 4223
8753 6554 8990 6975
1394 5240 1561 5360
1205 1745 1232 2005
9958 6737 9970 6857
72 5190 293 5461
6789 690 6899 1115
8903 7889 8920 8043
4705 8233 5142 8323
1743 9700 1818 9836
3019 2500 3274 2942
1087 2154 1243 2611
3862 756 4358 987
4849 3465 5027 3527
3941 108 4407 471
3216 9411 3562 9849
1114 5480 1435 5797
4499 7400 4515 7525
4677 2478 4847 2567
2151 8672 2530 8833
253 9391 478 9414
1455 7485 1746 7654
1867 7158 2366 7338
1280 6445 1667 6574
2302 7819 2395 8090
4281 6658 4722 6939
9554 6282 9754 6345
5102 4718 5270 5092
8372 687 8763 894
7143 6305 7304 6712
52 9618 345 9652
8639 7114 8652 7359
4468 9127 4624 9239
7621 3426 7761 3804
3611 6286 3653 6395
9513 8209 9541 8332
4637 7849 4917 8177
8046 6027 8407 6100
4987 4029 5100 4057
7145 9711 7322 9733
4049 7357 4103 7570
6625 1517 6847 1716
9574 4805 9762 5277
1527 3158 1539 3602
6047 707 6238 1107
1044 3748 1174 3894
4990 7485 5017 7694
6962 402 7213 528
1470 1514 1555 1551
7158 3579 7334 4057
6503 6612 6587 6631
2519 4187 2601 4230
6189 6170 6410 6566
42 7970 175 8047
6425 814 6714 840
6627 7957 6881 8002
2053 5621 2416 5634
1981 9003 2030 9031
8825 1924 8972 2046
660 5946 1095 6022
6828 3075 6838 3382
2718 7273 2935 7352
3201 271 3673 359
2636 8735 2772 8838
3314 3047 3586 3490
9923 5081 9991 5145
8134 9222 8621 9262
7829 3120 8133 3402
2683 9022 3178 9081
8885 6976 9122 6992
6972 3545 7053 4017
6609 7223 6965 7506
1560 2554 1589 3019
5140 2101 5205 2166
2677 4126 2854 4207
1697 5972 2180 6041
1476 6151 1514 6207
7373 3315 7623 3351
4219 7641 4338 7693
2298 4088 2437 4528
9888 9270 9920 9613
927 2230 1017 2246
3994 8747 4166 8795
8930 1399 9050 1438
8139 624 8312 766
1627 6666 1844 6860
4325 2838 4607 2880
5392 5759 5717 5919
5394 4427 5847 4471
2067 7784 2284 7950
8177 6288 8360 6417
8306 8301 8609 8582
6861 3690 6902 3956
1365 1686 1726 1914
5419 7353 5886 7728
6797 6637 7126 6946
109 2041 258 2295
3555 3550 3616 3573
8739 2082 8755 2180
4886 9112 5010 9407
1633 901 1752 1229
1571 4333 1903 4444
7353 7401 7392 7451
7119 2961 7292 2976
3620 9724 3861 9986
2409 5210 2436 5316
4052 4927 4233 4955
3439 5654 3456 5753
543 285 591 585
337 5336 414 5445
2098 4719 2291 4832
8089 3641 8327 3945
1431 7748 1548 7911
3889 2215 4296 2258
185 8285 333 8299
9316 8294 9446 8414
8106 6685 8574 6708
4695 1481 4963 1777
816 238 874 254
2935 1466 3034 1674
9365 4525 9592 4580
2088 9652 2419 9746
8029 7414 8175 7907
5916 8328 6108 8387
3063 5665 3242 5838
9014 1140 9027 1335
6761 5701 6909 6066
4031 1568 4187 1708
8278 6420 8522 6661
2412 2610 2510 2868
4925 4330 4972 4372
4599 2753 4829 2782
444 2163 798 2189
3858 6228 3965 6576
6509 2862 6654 2882
4489 8225 4600 8405
6535 1983 6879 2023
7524 7270 7775 7399
3798 4724 3913 5069
9543 6472 9611 6890
7528 7604 7589 7880
5029 9723 5053 9830
3826 494 4203 606
5701 6871 5950 7343
3389 8891 3480 9160
7341 3680 7415 3864
849 1092 1312 1145
4601 2670 4960 2739
7610 8025 7839 8151
2172 8886 2220 8901
1938 5463 2338 5482