500
2200 6240
7050 6370
4980 210
3420 5200
2140 9010
9530 6230
2800 4930
5460 3330
7320 8030
5130 5770
7300 3120
8450 6260
920 7850
220 1430
8040 4990
5060 6450
7380 1550
1450 7900
7640 6910
9140 400
1120 5700
6230 9750
5290 450
2090 6290
8700 9820
5770 3920
3770 9690
7330 3880
1670 9430
210 120
7500 480
2130 5460
7250 690
4720 5620
1490 9540
5560 3090
3260 3640
7390 4540
9500 5990
8860 2850
60 4230
2570 4390
9660 6960
6450 4530
7950 3710
7000 6110
2260 2110
8740 1280
390 6070
8320 110
8400 5600
4710 1620
3490 6270
7340 3760
2600 8060
5010 2000
8960 6380
1750 1010
4970 2300
7030 730
3900 5060
3830 4960
6890 1340
2690 8730
1720 4980
2980 6680
1260 8660
7750 2860
6790 8390
6910 4910
1950 4880
7110 9340
340 8470
2730 190
660 5050
2650 8220
460 6310
3950 3590
4850 9530
4480 7940
2500 2930
800 8450
9250 3210
5440 8970
740 7500
960 660
6060 9700
5910 2720
1180 1200
7480 3610
9010 3230
6340 8300
6950 40
3840 2370
1970 5300
3800 8530
9940 9350
2920 7630
4410 2360
7070 560
4010 2880
1410 8590
5700 8620
2850 6710
1580 9930
1930 2340
520 1030
1140 710
4640 9910
7570 370
2660 4900
4900 3510
4780 220
9890 1210
2480 180
1980 4410
4680 5170
9310 2220
7360 6990
7880 7830
8780 5120
3430 860
8660 5810
1910 8570
840 7840
2190 5020
450 4070
7930 3560
8170 4010
1040 6840
3270 2670
7140 5640
160 1170
3110 7290
900 8680
2300 7310
9720 6670
4990 6300
2430 5760
2880 6120
3910 280
1370 5510
910 8880
2040 4730
3360 7530
8910 5550
780 3280
6010 9360
580 1860
1420 4160
6630 7420
3550 3550
4430 2690
4670 2140
2520 8240
1770 9240
6240 8960
9570 6900
8670 500
5270 7480
720 7460
2450 3080
6480 4380
950 5930
1730 1390
9700 1590
5100 3500
3070 3970
9030 530
610 610
4370 6190
4930 6850
1530 1580
1870 3840
3310 590
1190 5180
8580 1100
4520 4950
5450 8700
9880 3050
1280 9720
2940 3490
1660 3810
6030 7550
8570 1810
7820 8930
1430 5380
9850 3700
4180 1680
1510 4040
9560 3930
6090 9500
2490 1570
50 5390
410 9070
1700 2010
8470 5150
1880 2440
1690 6600
6720 4490
9200 9110
4130 7640
9180 7370
6820 5480
600 100
6470 8040
1850 3790
1890 640
5920 1320
8290 6410
250 8740
9430 7720
6920 1270
3380 3460
4420 7240
5880 9280
3570 9580
8940 5370
2590 2590
710 9410
4650 1040
7590 5220
8000 1980
7740 6330
4040 2550
230 6540
3510 420
4470 990
730 1850
9610 7980
6980 960
5830 5660
5820 2740
7650 3750
8200 380
1590 1540
6360 600
5190 8130
5740 3110
1030 3900
7530 1250
3000 7950
6170 3950
5480 1420
1460 7200
640 9060
5400 8100
5090 5960
7710 300
320 4780
5540 3020
110 7070
3230 6570
7060 5720
550 4080
6610 8990
5200 5750
590 4180
6440 6140
400 1350
4550 4480
2280 4920
2240 390
5850 9220
9300 7700
7350 9450
8530 6490
80 4790
8950 6150
4530 1900
8060 9020
8270 1400
4810 6420
7490 4610
570 2350
8830 1910
380 5980
3250 140
2790 6620
670 7230
3990 6730
6600 2310
9440 8270
1990 4470
4450 8320
1130 6810
560 7280
1830 4260
7430 9380
4700 3680
1470 1310
5800 4210
880 5490
4260 5140
7090 4060
2020 9770
2000 8310
2560 8190
3130 870
1290 820
1390 8110
8600 6650
2960 5160
7670 2620
6300 8140
9630 9550
5030 3990
100 5010
9230 5830
4000 3320
2390 3720
7700 1830
7440 9830
10 6010
540 8540
5620 4280
2640 6510
4660 9960
240 7920
7080 1470
2330 9180
1200 2980
8110 5040
5760 7780
9510 8480
4560 8550
4360 2500
2510 3340
300 8790
7180 1610
4090 760
5430 930
6840 2780
9390 6080
1020 9080
3970 7960
8420 9900
4830 5850
9680 2530
3120 6020
530 5730
1780 360
9130 2250
4500 5500
3650 840
6960 8770
1820 340
9640 1450
8260 7560
9040 4190
3580 7300
3300 8120
1610 7800
3440 5780
6930 7250
6900 4330
8280 4680
620 7350
2010 6440
20 2650
6520 9460
5370 230
9750 920
1340 60
2220 3740
7610 9870
1360 8420
1840 1230
2050 2210
2320 6400
1810 8010
5730 2130
8710 2800
6710 3770
280 6500
4030 8830
140 7890
3150 20
1240 6820
2700 3690
5890 2280
2740 1690
7550 6720
2820 1950
6530 7220
2380 5450
9730 9370
6110 5910
9420 6690
1150 5330
4820 1740
9190 2020
8360 9130
6510 8460
5790 1560
5680 9100
1920 1160
4140 1970
4740 5530
330 2230
1380 2100
8680 6560
8890 160
6330 630
3610 8870
2230 8490
2550 5840
30 8260
2270 2180
9170 9780
5230 9160
7170 5250
1710 2560
7190 8630
4790 2330
8720 800
9270 880
9670 3940
2830 4350
7160 2060
1170 6860
760 3250
4910 6220
5490 3440
9950 5630
3170 4700
3370 4420
2100 6060
420 6660
4870 6580
2860 430
4750 1650
8560 4460
7970 3800
9960 770
3480 620
6420 4670
980 3570
6860 1520
260 7770
4200 5030
3450 8230
2460 9800
5980 5800
650 7660
7720 8610
4570 6890
7400 5070
3850 2520
90 3860
6320 5940
6850 7650
4890 9440
3390 8860
6700 9730
500 4130
8550 9420
290 4620
9520 6360
2890 1530
1860 1890
7980 4250
6590 8760
7450 4650
5940 6610
5930 720
7910 9890
3940 10
2210 490
5990 6030
6460 30
1070 1710
7870 1770
1560 2940
9770 7860
6220 750
190 2760
3280 670
1620 780
7770 2160
7290 1870
5750 3530
8080 4440
4280 6390
9100 6320
1310 8720
9110 3310
9450 6530
3680 9680
4170 3420
6970 6100
2170 5790
8410 4970
4840 260
5610 1460
130 7670
2060 1020
5210 2400
6690 6250
850 4550
100
4290 6190 4900 6320
2580 2610 2910 3510
2100 9090 2290 9940
60 3030 470 3860
5800 4000 6650 4110
9680 8800 9970 9330
4850 1140 5630 1380
940 6910 1430 7760
2620 8910 2930 9810
70 9870 320 9980
8380 1150 8560 2120
960 1840 1530 1990
1950 6520 2440 7230
2570 5250 2810 5920
5940 2470 6530 2780
6810 6640 6960 7240
1660 2650 2420 3520
2470 900 3180 1390
5220 3980 5600 4960
4330 3700 4830 4010
1200 4190 1600 4970
7540 4550 7880 5000
390 1910 500 2770
6110 960 6790 1760
4240 8600 4790 8950
8570 4420 8690 4540
6830 5870 7740 6040
5570 5750 5920 6590
9320 570 9460 1220
3190 5060 3420 5340
9780 4950 9890 5220
9310 2060 9510 2710
8200 6620 8540 7110
460 7750 710 8270
9200 3950 9710 4480
7310 2880 7950 3400
5210 5140 5540 5680
5530 8130 6300 8390
9660 1860 9920 2320
9070 980 9240 1490
7420 1710 7690 2620
4170 1820 4370 2110
7030 8780 7320 9020
2150 7690 3000 7930
3980 6430 4860 6690
9880 2900 9990 3640
5190 6940 5820 7480
790 820 1730 1200
3810 9140 4720 9840
240 1480 1000 1580
3020 1740 3650 2640
4590 310 5130 870
3400 4090 4110 4600
6160 6010 6400 6650
490 9440 1240 9950
8850 8590 9150 9170
3490 5240 3660 5990
7270 7190 8230 7580
3680 8000 4610 8240
1500 7200 1870 7470
930 3570 1490 3850
7500 8070 7660 9040
4810 7330 4990 7550
4940 9780 5890 9970
4210 1050 4840 1180
1970 1030 2210 1700
6280 2800 7190 3650
9690 7900 9860 8690
8660 7740 8880 8040
440 4700 1070 4820
4570 2810 4820 3050
2410 200 2510 630
8930 8050 9140 8360
9760 5630 9980 6170
8940 1600 9550 1790
330 90 580 860
800 70 1550 580
4390 4100 4540 4290
9170 3320 9630 3740
1280 5650 1620 6280
7010 9050 7700 9190
1420 8830 2060 9200
2990 9250 3570 9630
180 1230 400 1410
6760 9160 7000 9680
7980 2190 8700 3080
5100 8190 5420 8640
1110 8230 1990 8330
1250 6370 1360 6630
3610 2680 3910 3270
2170 3800 3040 4170
7090 9500 7380 9670
9810 280 9930 560
8100 3210 8920 3830
1260 1340 1470 1770
7570 940 8110 1280
5030 9230 5340 9650
7850 160 8030 260
5740 4740 6580 5420
7900 8060 8820 8960

