1000
2371 8509
7 3044
5084 5142
3752 9620
2889 1196
5782 1915
2386 182
6970 5171
9202 6296
58 1527
4434 6283
1197 1346
2071 5888
8209 5110
2714 1989
409 6060
3269 5614
9309 2118
3936 7545
8051 7236
2617 7100
3953 9064
7641 1864
424 244
5458 1518
2376 5039
1048 2373
6161 3588
1170 2484
8887 27
8762 6388
9118 9990
40 1338
8625 8071
1801 584
7941 1026
3314 3570
176 358
8167 4529
313 4970
8761 1929
159 4777
7763 1050
3672 9165
9187 3049
5791 925
8969 2957
4929 2121
212 3164
9824 2444
4173 5534
1408 6410
8999 8506
9180 1320
5612 9572
6203 2810
3459 5943
764 8829
3192 714
3941 9779
7259 4449
2299 2610
8363 2841
2417 1787
3216 3041
6913 6635
987 5203
1742 6124
1297 136
2715 7676
2334 5178
8813 3665
5530 9493
7545 274
7135 2713
1314 47
6440 2362
1775 5796
3166 5047
6190 3278
6466 9674
9621 571
3482 4532
4828 2259
3740 4342
4587 1881
5628 3600
5717 1199
613 6762
4393 5443
1709 2527
1080 3629
7346 4384
8994 9093
3414 4811
4957 5251
8707 7596
4245 9766
4874 249
7735 8940
151 3762
9548 660
3235 9929
7637 1525
3676 9858
795 7882
7924 2057
51 4996
5900 3285
3940 9134
431 3936
9161 1454
9519 2660
8084 4288
2527 1557
5881 562
437 1104
5942 2495
8926 2759
8531 4605
5341 2422
4722 2214
1445 8923
8732 9465
1282 4005
1694 6306
6110 1451
960 570
6933 5775
1082 4079
1358 668
4418 6025
8847 1793
3829 5691
2258 8845
2024 3309
3996 5436
9028 1162
3554 5166
6807 2034
2708 2231
1883 8632
6591 9101
8498 6782
6546 460
938 6492
2968 1721
4781 6191
4373 7174
1166 627
8754 4506
1678 114
8153 4749
2418 7146
2511 6566
805 9327
964 3286
7884 7845
2619 5617
8894 2124
4090 3375
4848 7753
1809 5303
850 4937
8538 8614
7098 9013
133 4594
1076 6275
7777 4642
4727 4690
9162 3081
1109 852
5524 8998
43 8937
603 4941
5523 9167
3065 899
6409 6443
3380 1579
8596 7911
3309 8436
7040 8873
216 1871
6493 3047
3946 3356
6522 9374
8526 7760
9165 3499
4327 2681
5351 7873
5894 5501
1052 5227
9131 4816
1508 535
8390 1288
9748 3721
4994 2756
5716 4446
4298 9197
5515 53
2409 3435
3709 4869
4264 5230
5538 6328
844 2360
1859 5743
5768 7064
9297 3486
7961 440
7893 3546
1695 5543
4906 3715
9228 7428
7789 8242
8879 8783
528 7858
5454 5983
7009 2590
340 6995
46 9677
9248 5513
4020 6912
2137 7040
7196 1575
7411 6289
3055 6205
5857 9574
5564 8462
7511 2918
1779 837
1746 2413
6405 8704
1329 6728
9979 4474
3144 5557
730 4386
9340 8231
6007 8464
4759 2024
1417 6724
9322 6108
4076 1002
9543 394
274 2293
6551 1835
8530 1870
3107 3346
7750 4851
6950 3016
3955 6716
2163 1742
7477 8418
515 7051
9370 1101
6991 2850
6452 6627
9274 9111
8433 7349
6633 97
6707 8789
4830 753
5880 7723
5271 5136
618 4655
6223 7627
4239 5090
3383 8431
7887 1659
787 3810
5842 4873
7458 2462
2310 4947
4058 7408
7616 5413
385 9772
9689 5802
1123 5669
4769 4389
1486 5054
9273 5976
67 1607
9972 5
9077 4706
3564 7337
3827 1911
789 1035
4468 6672
6058 9633
5873 1737
4097 2878
9456 946
6426 983
1172 7732
2683 952
4185 4222
2725 1611
7984 6605
9195 6603
2568 8433
2572 42
1008 4011
779 2050
8664 9807
6287 2767
923 8582
8287 3818
6229 1940
1741 7397
7417 5757
8005 805
6609 9712
7812 984
6412 5271
2193 667
5826 2883
4180 8216
8135 4229
1862 6337
5808 1213
5288 392
4377 2418
1939 8868
7538 5958
4845 4343
1731 7008
5878 9604
2410 8855
4656 7052
9261 5085
7429 9154
8541 3993
8451 3592
3297 2385
4796 2532
1096 3720
5543 3652
3915 7717
3880 5748
9885 341
9787 9608
3721 889
1441 8066
3154 9053
7518 504
2762 7599
4567 5150
6028 5059
2860 1030
3611 759
9612 9710
6539 2600
9304 2903
9961 6268
3809 3012
5996 4472
9200 2206
7246 4913
5118 2515
3498 9233
2095 3786
7075 6103
3922 7144
7892 3842
2634 8725
5452 4268
7225 2395
3909 1046
857 7447
4746 1264
1923 165
4595 3384
2470 4111
2393 9558
1249 2080
7929 6225
6221 788
8469 6490
5099 8439
855 7080
3120 6226
3417 6707
6142 9077
7169 2162
5426 835
3373 1622
6656 2400
6130 4707
1246 3724
4484 481
1426 9084
2084 7382
1661 1810
9715 8727
1277 5528
2388 3519
4430 6429
6046 1372
2349 7783
673 4461
2505 7411
8981 4614
4589 270
7126 9739
3734 7549
5082 2914
2793 6489
5107 3195
1571 1516
885 1301
1411 870
8684 3509
1858 9384
6861 4558
1126 5941
548 5097
3084 7327
1894 6189
9988 9291
2434 2028
5644 7090
6061 9537
2293 9305
8866 3276
3845 9874
8060 8432
5393 8007
8137 7510
3532 6624
7361 9405
455 3397
3043 3829
7903 8622
4118 2334
8036 1949
5980 7823
2149 1369
1630 7962
8360 2272
1461 3817
5949 9927
3449 3186
5347 9771
928 965
9479 5841
102 231
466 910
777 8988
1058 5495
481 6950
6665 7350
1943 338
3745 5328
3135 1045
2003 6778
4011 2677
7275 280
892 1059
7851 1237
615 1555
3748 5839
5488 9299
3463 1937
1094 6740
1179 8065
284 6324
619 3506
1596 2612
9848 4305
4822 297
6732 5264
5259 250
4405 1916
1128 1445
335 3548
7435 9825
5792 1022
669 1466
265 9606
3634 8781
7608 4422
5659 9472
6611 2948
41 1973
8079 8792
9242 5530
5622 8764
9955 5103
4294 6040
1047 2814
5836 3787
4412 9441
6347 1293
1099 2112
5607 8429
3932 7107
9674 5663
1196 1832
59 4712
2143 3558
763 548
8045 9440
8352 7896
1353 2017
713 403
3289 61
0 2520
5148 5100
3275 3280
906 9826
7204 7564
8940 9752
1878 3578
4838 6360
4183 7287
3662 4909
7991 9586
1135 1165
1227 876
9416 2618
9647 4956
4896 3615
2837 2678
4349 1563
8004 9075
1785 4072
5104 6087
9626 382
878 21
9211 9304
7158 8115
9947 6400
824 8858
5706 4725
3924 4521
6009 2769
3287 7860
7673 5442
1645 1837
913 4104
1972 7945
796 7659
6485 6731
5067 9656
425 8680
1473 513
6499 7343
4942 3189
8295 44
8354 1690
1562 6498
5137 1921
1251 4648
4851 9104
8634 6364
9999 4041
9907 8308
8933 1471
4435 557
8902 6864
402 8310
5619 3026
1990 3132
5239 8031
1961 452
6851 4528
16 3930
2908 3019
8298 2917
5760 5541
8470 3770
7051 1494
2535 1706
6887 8567
1538 2662
2132 7798
5513 2885
6225 1906
4104 1955
5570 7671
1382 5814
573 7292
4231 2749
1487 9270
695 1399
4140 1180
8867 3021
5367 5898
4839 8883
2753 9097
7739 1425
3911 3683
1648 561
679 5556
9797 7199
5113 379
6380 4646
3938 9827
6122 5930
6523 3296
35 431
4575 5336
4278 6710
7347 1020
712 7765
9661 9132
814 7443
3268 9871
2680 1110
7078 7984
4544 4349
4556 6906
9518 5426
4200 7612
2469 2023
899 3055
1493 6506
1309 1860
7495 4285
8190 6206
5864 6749
2467 2447
9632 3849
4350 7644
5480 1913
1543 316
8639 2056
6941 5716
3257 5370
5135 1855
2154 7970
1760 5582
129 7385
9170 3725
3350 5405
940 8716
2892 3508
7939 1689
6224 4447
7736 255
735 623
3718 5432
5198 7653
8597 2709
6999 2155
2275 5378
178 1365
4537 3086
2673 2337
2311 639
5376 2729
6024 1081
5793 4747
231 2892
1525 6041
6365 3489
266 5551
2706 546
5544 2119
5807 7980
8730 463
6373 5157
8700 3845
1216 8941
1544 4391
896 6973
7421 7524
7003 1908
4017 5604
640 5337
851 2059
2990 8805
2835 9003
4374 9913
1936 266
3918 3567
557 9588
1049 8641
2009 4036
6391 2994
189 847
1404 1794
3429 5665
4415 5725
542 3477
6100 454
5957 5367
1496 3673
7393 470
4387 3078
5862 9238
462 4202
1758 3522
63 4150
426 5339
871 6538
776 3184
4711 2420
7889 331
1393 653
6254 4823
74 4425
4378 1195
7191 6163
8966 1536
5941 3896
3467 5632
3822 4741
1471 8315
7986 9655
3513 8599
8182 501
5236 1295
2229 807
2415 2988
445 9392
8038 1691
1383 5390
4157 1534
1819 2928
6789 3020
1827 4709
762 6909
6067 3938
1739 1933
5915 3102
1208 9371
6691 3934
9405 409
1792 2228
5925 9213
7647 1631
9963 9611
6486 5734
4379 600
9925 6332
5851 3783
3835 4357
4666 109
3152 5585
9680 8496
2614 6381
1182 3900
1977 395
4758 9422
6152 7279
3450 199
8402 4219
3974 8991
396 1657
1331 7200
5916 6755
4879 2022
2343 2242
783 8634
1553 4673
6473 4619
3489 2209
7222 3123
7261 1523
7276 5184
9759 602
5408 2483
4212 6539
5600 813
965 6604
6116 927
3432 6132
4613 2591
5577 5737
501 871
5268 7989
9201 958
1849 1863
4562 6207
201 1619
7471 5830
8039 3443
9514 2312
8350 2352
4718 1971
9554 3670
6650 143
5749 7582
3133 8919
5931 9102
2652 4136
1816 4402
2506 9468
5856 5200
3653 8171
5146 8279
8547 7004
9313 3247
2671 4547
9432 664
2034 2438
1969 6901
6706 8715
7082 6542
5852 4499
3756 7603
8970 1515
4846 675
8420 8714
9048 4671
1871 2110
9644 8706
6727 5730
6564 9645
1770 2766
2943 7185
7079 3468
6462 4152
9529 1858
7083 2765
1207 1983
8098 7205
1365 6451
9095 2572
5572 1371
3679 5782
7190 935
3599 4790
4141 5580
312 4261
827 6486
8400 2404
7187 6233
1620 6317
4251 1890
443 4153
3720 5362
549 6791
8232 2487
6578 8604
7871 3613
7072 8369
7031 4383
3267 4143
4186 3492
9125 9058
2064 3038
9832 4607
348 586
6601 5191
301 9545
839 9835
3030 7613
9444 3501
2581 9223
3006 3284
1822 4467
6667 1133
8316 9944
3802 2512
9492 1049
7408 2058
4649 318
9431 8738
436 7820
8652 3534
2445 998
5522 7472
412 58
8306 2905
2610 934
6053 5577
5270 24
4600 8423
3277 259
3628 860
1344 6321
5042 1891
6270 8236
7207 3251
7855 9015
2210 739
2591 8229
490 6287
6544 5138
3174 1506
2037 6264
4450 8532
8460 4238
8662 3023
2102 185
4290 3583
5212 7542
3624 6401
527 2734
8956 2473
1683 8679
8257 9317
8693 9004
5031 8524
8227 4675
1302 219
1452 354
7480 848
8723 8984
2616 8856
6548 5532
8613 5832
1549 6219
1960 2938
5591 1903
3692 2184
9498 2989
8374 5997
1443 9884
3813 9491
8996 7764
3923 6241
2742 8823
2422 6366
3008 6350
7660 1357
2559 3252
2351 795
6068 1384
1806 4552
1554 9118
5260 2185
223 2838
7103 8760
8529 8966
1991 3223
1432 9272
2910 360
9419 1032
1188 7711
7063 178
1402 1345
724 9702
3171 7209
8822 6647
1863 9166
4945 5270
128 7067
1392 12
6072 2482
2331 8492
1605 9763
7780 2607
5520 9747
4187 6826
9700 8100
6272 7847
5674 1760
7245 2875
2051 1732
183 8247
495 2421
3438 4359
8293 8230
4633 107
2133 8580
6747 5710
5413 8476
1576 416
8142 2072
9224 6161
1890 4387
2676 6892
8342 8625
554 8150
2649 741
1289 637
6594 5491
7376 9273
3167 4637
6888 3289
8511 2547
9534 9502
1769 5891
4396 4953
5680 9699
318 2476
888 39
7610 959
9966 2062
7786 9962
8043 4019
6585 8753
8429 6405
761 2088
6511 1738
4803 4163
9133 497
7145 4151
1647 6655
4124 2055
5467 5521
4973 3438
171 1610
7907 1423
9394 8266
6379 6983
7418 7070
4391 1535
100
5694 7216 5820 7564
4665 8635 5019 8746
7454 3261 7641 3599
9846 969 9922 1353
2038 316 2110 788
6896 1034 7274 1465
7720 2825 7914 3022
9495 8383 9668 8702
5457 3148 5842 3360
2775 3911 3035 4109
3820 7978 3874 8322
40 3485 153 3688
1518 884 1861 1348
2173 5559 2604 5862
6905 7765 7086 7982
5096 2151 5195 2245
6780 3974 6860 4186
7586 7196 8042 7610
8767 7115 9092 7448
549 2096 978 2345
1929 437 1939 700
8341 6954 8470 7205
9883 4672 9934 4892
6859 7555 6900 7799
9845 9047 9991 9254
4930 7481 5174 7564
6810 5798 6830 6114
4164 827 4457 952
8395 642 8894 871
1198 945 1250 959
737 4199 1091 4537
2273 7921 2565 8210
2863 8113 2893 8190
180 8371 490 8661
5084 9189 5485 9514
1424 3823 1672 4164
3099 1872 3341 2249
9401 4007 9826 4207
9156 7569 9312 7596
2895 821 3066 882
1580 5683 1761 5920
1049 4915 1280 5101
2403 5169 2887 5557
2293 8820 2308 9099
357 8837 762 8941
6870 727 7002 907
2901 4259 3224 4475
3310 3486 3370 3538
2795 4843 3090 4977
3089 6590 3127 7077
9546 5355 9847 5387
9327 6409 9770 6797
2782 57 2806 403
195 1997 353 2104
1141 9741 1329 9987
2083 9596 2149 9727
1677 1693 1906 1844
6979 3256 7358 3424
1182 8266 1374 8345
3312 6944 3469 7299
6844 9793 7092 9976
886 7502 1297 7662
713 5275 1190 5309
5497 4586 5666 4839
766 5878 888 5981
5943 3541 6066 4036
6706 7762 6853 8201
4599 820 4795 940
591 6808 800 6878
542 5712 568 5819
108 3327 166 3342
8664 6208 8760 6514
4956 6362 5213 6517
1758 1908 1777 2166
8229 3720 8268 4057
919 1394 1091 1784
3340 9462 3727 9852
8644 1026 8923 1483
3201 899 3624 1271
6901 3754 7055 3811
8891 2222 9031 2448
8999 7639 9351 7903
1183 3366 1578 3432
317 292 380 522
4873 4637 5325 5072
2530 7339 2799 7377
528 1615 896 2029
2261 397 2596 609
2636 2759 3052 2837
8116 6763 8217 7249
6711 4561 7031 4999
4050 4550 4500 4943
1458 5361 1470 5450
4646 1409 4978 1544
1893 3239 1999 3634
15 7816 184 8184
3491 6759 3838 7129
2471 1207 2839 1496
5235 2918 5611 3148
8573 4745 8939 5028
