10
639 505
888 139
568 155
389 150
253 736
596 850
681 638
747 539
506 759
570 867
500
160 167 263 170
216 981 246 997
385 186 388 320
918 166 975 167
669 945 675 965
72 958 75 1008
554 123 561 153
467 555 605 557
305 832 307 899
107 230 116 271
1015 425 1018 503
692 57 693 150
515 811 638 813
98 154 103 216
955 5 970 36
163 849 166 893
82 28 84 212
845 23 928 24
229 626 237 665
331 848 376 859
247 49 286 55
334 312 337 452
716 861 718 1016
402 324 413 330
591 780 659 784
711 687 821 691
44 291 57 309
508 347 576 350
441 134 455 162
935 886 958 888
746 998 799 999
295 118 304 123
6 283 19 287
391 363 456 365
468 221 469 256
662 676 729 682
435 386 488 392
369 505 453 506
234 418 259 436
897 531 900 606
607 474 612 477
267 365 269 382
212 170 247 177
733 924 737 966
347 510 348 543
748 659 774 666
258 894 262 971
879 382 909 392
269 819 271 900
918 928 977 931
275 282 362 283
961 329 970 363
905 319 1011 322
585 659 587 671
736 978 754 993
695 190 701 261
525 916 574 922
357 607 380 616
830 960 839 987
740 98 837 99
633 825 644 827
488 100 570 105
519 413 522 517
268 582 344 586
911 743 964 748
947 460 980 461
834 431 874 433
85 310 118 318
427 172 429 228
434 638 438 680
987 235 992 286
536 866 565 867
702 265 739 267
52 388 57 442
912 40 931 45
588 127 595 196
615 886 617 915
722 699 736 712
586 846 595 898
688 442 720 457
170 691 270 692
37 228 103 232
91 573 111 591
933 939 943 950
687 845 690 946
465 41 508 46
564 84 634 85
598 672 606 685
963 846 995 858
969 538 979 577
32 198 61 210
403 616 409 635
713 92 846 95
37 335 83 338
57 263 62 296
781 657 885 660
220 598 225 628
879 310 883 316
250 569 252 690
361 42 366 77
370 239 374 254
185 262 204 276
615 610 627 636
763 171 769 210
897 288 899 357
713 331 719 364
434 752 473 755
292 588 492 590
960 103 989 110
173 36 232 38
256 669 398 671
557 370 561 403
171 239 182 270
628 757 632 777
582 140 588 200
197 560 272 563
523 61 541 71
580 821 582 898
448 373 516 376
828 1001 891 1002
955 237 959 287
276 772 280 847
534 933 613 939
319 797 322 890
207 387 211 438
875 326 883 382
41 148 51 194
692 610 696 632
447 94 455 129
733 530 818 535
732 275 748 283
625 397 650 407
480 678 594 680
613 795 706 798
94 503 176 509
940 469 952 475
547 941 636 945
54 738 59 803
411 798 415 854
139 96 142 261
356 880 411 881
293 716 294 760
43 722 45 745
11 775 22 790
397 202 400 258
776 884 967 886
738 498 860 500
931 222 932 259
658 148 662 185
547 481 577 492
168 818 182 824
655 13 659 21
1002 105 1009 111
743 787 747 791
41 451 114 456
838 724 849 728
738 226 766 237
998 884 1005 896
716 457 724 484
639 219 640 308
938 440 948 460
1016 4 1018 162
398 907 401 1023
875 915 885 940
119 914 167 924
360 429 363 495
901 868 968 870
853 176 856 187
533 727 535 779
796 711 811 727
721 736 729 767
738 103 831 104
773 476 841 482
973 374 979 392
401 732 419 752
569 318 581 341
378 435 387 458
590 298 609 301
740 971 801 975
345 509 359 510
176 117 198 130
51 25 194 28
240 736 269 745
662 319 678 348
610 195 619 250
628 837 647 862
884 36 893 66
468 206 603 208
152 318 154 459
505 105 507 200
894 103 896 299
248 508 271 519
359 285 366 343
201 315 320 318
316 90 321 140
767 695 785 714
751 803 759 837
210 240 276 245
401 260 410 287
623 391 641 394
811 638 961 640
586 266 593 290
808 525 948 527
178 613 213 616
9 911 15 922
798 172 808 206
26 273 37 317
697 942 701 972
953 129 976 148
11 888 23 900
481 247 488 254
757 1001 827 1002
24 666 43 674
419 16 421 214
995 626 1001 650
155 659 160 706
383 495 441 500
589 569 637 577
506 647 602 648
143 429 151 452
522 910 523 970
528 409 544 422
342 708 429 710
404 608 456 612
970 946 997 953
389 244 391 369
948 512 955 530
59 807 70 821
86 895 96 899
864 500 866 516
531 977 545 981
891 640 899 645
707 819 708 900
63 311 66 326
830 832 836 838
552 418 670 421
1008 451 1014 488
1018 557 1023 591
298 657 335 661
441 644 459 646
405 939 431 948
328 595 339 601
784 486 824 494
214 332 216 514
657 357 658 402
212 94 215 120
183 872 241 874
272 8 290 31
766 427 773 460
754 760 761 772
54 672 144 677
663 589 723 592
935 670 945 711
835 400 853 427
464 486 472 511
606 659 610 706
976 324 984 332
949 404 960 415
1000 325 1003 419
903 570 915 606
203 354 212 369
846 252 859 279
330 781 491 784
786 874 894 877
655 113 675 135
826 256 833 310
265 824 269 903
939 893 950 918
563 421 571 436
942 384 959 391
530 117 608 118
960 232 981 233
550 516 563 538
572 209 574 270
824 595 838 628
1008 623 1009 664
748 774 750 837
84 623 95 653
188 245 241 254
31 848 49 859
480 962 489 1009
52 826 60 868
602 891 612 925
475 319 492 340
695 121 738 132
539 280 540 290
168 260 170 349
404 202 406 217
96 700 139 703
506 27 511 32
112 900 217 904
16 926 24 944
368 379 371 390
985 965 989 979
940 641 961 664
442 307 457 309
238 330 260 334
47 375 49 382
436 275 442 349
605 342 620 350
681 472 686 491
983 858 995 862
327 439 328 476
180 712 224 714
730 623 734 650
996 824 999 844
0 373 6 394
745 623 786 628
331 673 333 754
25 93 28 207
476 200 573 202
881 624 954 627
739 632 764 649
163 415 171 419
137 94 139 247
887 823 894 826
901 921 903 940
532 18 546 38
299 841 303 952
721 805 727 881
495 422 505 472
306 505 312 543
28 44 31 111
923 200 937 213
861 593 873 595
313 188 375 194
714 251 763 256
724 485 762 497
477 731 504 746
671 169 782 171
55 363 76 372
29 343 73 349
401 414 412 427
575 1 584 20
829 894 856 895
650 627 660 659
603 945 610 999
319 33 330 58
310 464 311 476
602 527 605 531
2 718 9 759
222 575 244 577
942 784 1012 788
601 104 635 115
710 258 802 262
914 968 942 972
766 403 814 409
422 519 424 542
502 285 503 343
184 836 212 849
646 58 654 96
655 582 661 613
733 347 740 409
232 1000 265 1008
920 383 931 396
464 151 501 158
367 294 380 305
254 481 271 506
505 614 512 639
292 815 296 866
419 373 427 398
203 906 206 945
337 408 405 410
247 815 250 830
189 210 210 222
380 97 387 134
654 176 657 327
238 297 268 306
414 246 424 258
217 852 227 856
656 818 658 938
787 265 793 284
532 719 557 722
212 529 221 556
237 72 290 80
194 42 199 107
1012 908 1014 915
47 554 48 567
749 336 762 341
367 426 376 477
801 831 805 834
898 63 916 82
152 801 192 802
437 3 490 9
625 330 640 341
88 657 92 667
503 305 511 318
873 966 902 968
849 233 881 240
1015 233 1017 374
430 517 442 518
304 531 305 574
368 14 377 18
103 666 120 670
117 391 121 416
320 917 369 918
304 37 310 47
927 48 929 96
93 938 133 948
534 557 538 645
788 743 811 763
22 866 27 880
421 98 434 114
270 710 277 748
534 399 553 407
155 60 174 76
843 620 872 633
905 844 925 849
836 692 932 697
288 320 295 385
779 12 798 19
121 445 126 479
516 22 528 29
927 417 972 420
905 788 908 808
556 203 569 205
455 507 457 564
685 553 696 575
194 937 200 981
957 844 963 868
474 878 484 905
144 344 146 388
145 604 151 654
633 518 739 522
178 73 180 100
280 159 398 162
122 832 182 839
289 417 290 457
637 636 640 727
58 597 64 612
982 707 995 719
856 291 881 299
275 708 285 709
29 119 35 156
772 361 775 389
512 847 514 970
838 898 934 900
121 42 130 72
13 737 34 747
934 561 945 606
689 491 708 512
684 878 687 972
783 167 838 170
155 417 157 457
728 1016 828 1021
855 27 863 88
155 207 352 209
948 240 953 247
469 626 497 636
672 709 684 723
843 481 912 482
958 727 1002 738
22 15 39 43
508 992 530 1014
388 617 397 645
339 625 346 668
820 300 822 328
722 172 730 187
644 132 648 211
458 671 497 672
672 204 682 248
359 523 398 524
246 408 276 409
597 685 602 733
187 291 241 294
997 537 1007 555
191 178 268 179
909 821 912 843
230 717 253 728
12 433 13 496
953 441 981 444
790 1004 902 1007
247 763 352 766
613 124 629 151
33 718 36 735
99 614 129 630
577 122 581 201
247 635 250 651
960 812 964 831
123 754 129 805
540 326 551 336
618 379 619 401
315 678 321 690
828 44 850 54
403 225 422 232
863 912 873 939
21 373 25 464
317 409 320 501
659 276 682 286
815 258 823 261
61 469 64 508
638 553 668 567
563 729 571 740
604 740 631 750
601 7 670 11
910 811 938 812
925 256 928 295
170 945 182 962
577 367 587 376
579 770 584 797
