50
3795 5266
3608 2624
4839 1899
2324 3561
2423 1066
3782 4804
2174 7305
2493 7753
6917 734
6096 6589
6723 2718
92 4946
2455 5590
6144 1992
4398 2917
3140 2
8183 6748
2626 4830
456 4951
199 2879
6017 3982
7683 8191
3095 1985
7752 1820
2719 5656
218 1250
182 310
6196 2637
5900 4149
4629 2106
7066 7770
2108 7057
6326 4735
3695 6782
1494 3894
1470 7511
7876 961
7510 2780
2946 7070
4600 5666
4535 4818
6916 4717
5128 4921
7355 2836
878 3792
4943 7944
3370 7051
6809 1505
3594 2312
95 5088
500
1172 7136 1192 7354
2028 1176 2037 1907
1041 6160 1302 6186
3892 5003 3978 5055
4193 5849 4212 6130
3814 782 3826 881
2807 403 2928 416
5538 1009 5560 1080
1506 2354 1685 2409
7098 5590 7105 5877
5303 2594 5445 2599
4530 2673 4631 2770
7481 4768 7557 4813
1642 3505 1664 3773
2044 7281 2055 7797
1935 7179 2009 7305
4794 5374 5073 5406
295 5655 302 6114
6988 3931 7200 3966
1862 257 1945 332
5562 7061 5575 7735
8045 1827 8051 2370
2032 2285 2553 2296
621 4625 754 4665
998 1905 1028 2192
199 3344 376 3372
8095 5190 8186 5196
6739 6288 7070 6317
5453 7179 5466 7939
7889 629 7907 856
248 7921 630 7925
4610 6351 4619 6979
2912 3127 3027 3184
137 2877 148 3080
3373 4100 4100 4113
6564 7815 6780 7819
171 2834 516 2845
6510 992 6550 1072
2110 293 2137 354
2203 619 2230 881
3084 5948 3255 5952
123 8097 146 8145
7698 965 7729 1151
3542 2644 3754 2656
4242 230 4343 233
5784 6688 5914 6702
3687 1739 3729 1823
6226 6372 6284 6513
3175 3861 3208 3973
1391 4500 1472 4619
981 500 988 655
7852 3430 8186 3438
5980 4606 6247 4641
190 7182 388 7212
645 5928 734 6032
5125 787 5192 911
2643 331 2654 395
4805 1752 4827 2180
3400 4840 3466 4968
1033 1542 1083 1729
6296 5386 6324 5609
3984 7202 4000 7580
3463 4249 3687 4291
8031 2623 8060 2739
4418 5760 4460 5876
4969 4035 5074 4125
3012 1167 3544 1175
5562 2774 5728 2796
7785 276 7797 564
2952 2044 2972 2087
1001 7721 1023 7923
946 3565 1275 3594
3100 1871 3464 1878
712 3816 874 3866
5016 5263 5243 5292
7304 1712 7723 1718
3781 6081 3788 6736
3300 5051 3370 5101
3160 2298 3174 2742
203 1334 481 1365
7382 1928 7392 2750
6058 2215 6224 2239
5079 4226 5152 4304
782 2369 1399 2384
1878 5839 1889 6725
5723 5127 5906 5170
2606 712 2634 922
4275 2723 4278 2921
6364 744 6508 746
3710 5747 3720 5772
863 4986 894 5060
4854 113 4865 441
3677 1486 3737 1593
2474 7919 2546 8040
3661 3525 3768 3588
2305 6362 2841 6371
329 3184 432 3229
3401 734 3977 743
7116 6810 7315 6840
206 1366 240 1610
7789 3532 7847 3670
2324 6056 2398 6135
6066 7658 6205 7716
3002 6217 3008 6550
2574 4659 2785 4664
6018 866 6107 966
2293 5946 2471 5958
5219 1478 5231 1834
4059 370 4075 866
3107 5073 3173 5160
5319 5894 5334 6523
7622 5322 7624 5391
6233 7101 6292 7144
5947 3194 6356 3206
7437 5317 7555 5320
2081 7676 2089 7758
1259 1574 1407 1633
6621 6960 6838 6964
3150 4206 3359 4218
6391 3634 6477 3669
4600 1660 4607 1782
1264 5025 1778 5031
6278 5710 6517 5751
6159 3394 6571 3403
7478 6582 7528 6681
4218 4654 4246 4716
1655 4219 1757 4238
4422 2536 4629 2542
5205 5717 5225 6130
4663 3626 4706 3691
4954 7822 5113 7845
5285 7923 5304 7932
2882 1369 3348 1378
4714 3084 4721 3218
2029 5338 2046 5833
6206 6932 6641 6947
7057 7371 7073 7487
3406 5609 3594 5618
7936 3805 8099 3834
7189 6893 7241 6980
2967 1560 2982 1759
2746 1400 2754 1693
5591 5725 5676 5778
7257 7554 7269 7970
6490 7275 7198 7286
4645 7269 4725 7297
1474 3063 1517 3284
2202 6331 2328 6341
2488 6376 2521 6495
3683 3035 3755 3105
1226 6749 1798 6764
2660 1960 2667 2525
1959 4003 1976 4361
3736 7435 3777 7467
2069 657 2124 812
413 5577 423 5705
6749 400 6783 403
4003 5200 4310 5222
7334 835 7600 865
3353 6347 3675 6374
4665 2290 5115 2295
3526 153 3698 169
774 2884 820 2989
5305 2863 5367 2936
7689 3289 7710 3529
6733 990 6742 1629
3961 334 4012 451
7874 4418 7907 4509
4298 4284 4413 4338
3295 6465 3322 6555
2083 171 2104 272
2758 4203 3116 4223
8127 5782 8150 6050
237 5402 308 5504
4867 3854 4973 3875
65 4257 74 4742
1862 2306 2479 2315
4578 7589 4585 8030
3777 211 3862 226
4903 1319 4953 1333
3240 6003 3391 6025
1440 2502 1455 3103
6169 60 7058 70
4540 4303 4593 4436
1116 1420 1521 1437
2404 4101 2411 4783
4762 394 4775 911
5778 752 5830 787
5222 2536 5549 2561
489 2603 496 2750
4253 7100 4755 7117
23 6985 35 7510
2087 5340 2154 5394
2250 7394 2263 7416
3883 16 3918 227
3366 1301 3488 1380
5036 3522 5413 3529
7788 4555 7799 4947
1785 7323 1788 7621
5925 294 5940 620
4112 8124 4574 8141
4602 5579 4667 5687
6561 2049 6575 2465
5287 3163 5310 3461
1933 6528 1942 6643
5716 2965 5757 3058
20 700 169 714
66 5215 466 5219
5881 1793 5887 2299
2980 5474 3008 5794
4349 3276 4365 3493
2187 199 2208 206
3916 7826 4000 7844
1645 2586 1654 3126
2438 1150 2446 1295
6406 4255 6554 4266
5230 4164 5269 4328
5212 618 5717 625
2323 783 2379 814
5711 6780 5820 6787
3638 7554 3708 7629
1173 37 1873 48
7914 4396 7981 4412
4651 6281 4661 6763
6869 2653 6956 2676
4535 1959 4597 2097
7958 1320 8153 1367
6605 284 7104 292
2688 7801 2711 8083
4309 384 4326 702
1087 6383 1294 6408
7181 4538 7212 4833
6250 6137 6368 6164
882 7201 1000 7212
7623 4728 7637 4842
3653 3935 3719 3959
5797 2977 5860 3085
5562 4781 5630 4849
2207 2648 2231 2864
3299 1981 3579 2008
4045 4248 4399 4274
7118 2889 7172 2947
5258 3006 5270 3317
4749 3815 4842 3837
6213 4823 6226 5386
960 5586 1194 5613
3004 3740 3046 3815
966 1750 1016 1821
1167 5753 1249 5806
1916 1028 1926 1346
4597 6549 4603 6833
6650 6213 7242 6229
4723 7758 4757 7879
7883 6049 7925 6066
2093 4188 2167 4264
4043 5294 4046 5383
6088 3220 6329 3228
3272 7631 3337 7692
160 2907 171 3600
2415 7814 2458 8009
5916 5934 6207 5947
1454 6143 1650 6161
5150 5528 5154 5845
149 8151 374 8167
6134 420 6181 520
1647 3887 1684 4108
5343 870 5467 902
4890 3215 4942 3280
5607 3380 5642 3442
8074 462 8123 595
4457 2112 4791 2122
7148 633 7449 663
4707 6430 4733 6814
318 6715 348 6749
5560 2024 5569 2306
931 4276 971 4424
1069 1092 1318 1102
1786 1484 1795 1968
4850 5289 4887 5339
3877 4676 3882 5011
1921 2463 2519 2473
3162 202 3174 380
2714 2155 2890 2173
6041 969 6732 981
8028 5897 8064 5969
2048 1311 2366 1318
6271 2274 6405 2345
7401 3777 7913 3786
5107 1954 5240 1979
3111 6302 3125 6953
4115 4092 4200 4195
4903 2847 4920 3010
4796 6560 4852 6565
5427 6738 5458 6777
2988 1526 3502 1535
2848 6880 3001 6941
5858 3865 5928 3964
5576 3118 5592 3429
4880 6219 4906 6302
3349 6520 3352 6582
1320 4427 1424 4486
6767 6986 6993 6995
1351 6557 1360 6725
1589 4454 1794 4457
5679 6191 5715 6204
1035 3959 1232 3962
5810 4798 5833 4873
2533 6475 2585 6521
1727 2034 1736 2474
4999 6136 5080 6173
7129 6079 7702 6095
7591 4919 7599 5620
4541 3453 4899 3466
2613 6900 2672 7002
6878 1848 6902 2049
2652 4907 2749 4981
6094 1454 6541 1461
2967 4631 3014 4715
957 5414 974 5579
6443 2745 6595 2787
5481 3525 5741 3543
7002 386 7017 1009
1771 3270 1801 3512
2620 2779 3239 2789
1822 2629 1854 2735
1843 6578 1855 6733
7852 6118 8187 6127
236 6711 257 7110
3530 6558 3587 6654
2136 6092 2146 6456
2338 111 3239 120
3554 169 3569 373
6180 7419 6303 7431
7177 1749 7579 1766
7112 7111 7938 7123
912 7469 1205 7488
7292 1642 7399 1711
8069 1647 8089 1733
7000 1306 7012 1511
4912 3901 4931 4205
8125 2104 8140 2278
6776 5143 7312 5154
314 2192 322 2315
7305 7199 7497 7214
478 7989 501 8009
4053 3295 4176 3346
942 6304 956 7005
6879 3212 6966 3299
3601 2483 3663 2580
4259 6344 4395 6348
3988 5812 4000 6188
2578 2841 2662 2843
2521 2335 2597 2415
2879 4057 2984 4128
351 3011 383 3065
4192 1732 4255 1854
414 7500 460 7625
3726 5757 3992 5783
5960 6441 5993 6727
2315 7096 2335 7331
4638 5301 4667 5555
786 3302 1022 3316
982 3441 1001 3528
588 3817 631 4031
7481 3198 7512 3421
7797 5193 7809 5787
6120 6067 6222 6099
499 502 612 564
839 4910 940 4921
5233 304 5254 516
142 776 307 832
3752 2906 3784 3000
1831 2116 2255 2136
88 4273 114 4336
3010 5515 3223 5555
2303 2897 2382 3023
3580 2701 3616 2785
3844 628 3954 653
1003 5872 1026 6217
6167 6886 6192 7262
4560 4726 4582 5049
7515 6480 7581 6519
3050 879 3083 1067
1196 4632 1200 4987
5837 678 5912 796
6566 4364 6573 4474
7013 6094 7019 6153
3284 2766 3332 2870
4686 5911 4774 5998
3873 2178 4020 2209
1917 600 1931 614
6943 7542 7030 7645
5787 5701 5858 5799
7165 8125 7183 8177
556 6759 832 6782
2644 4579 2749 4652
1838 4600 1847 4862
7135 3336 7146 3708
4451 3431 4465 3745
5323 3912 5334 4263
5527 7740 5724 7786
2871 2552 2940 2671
3562 4642 3576 5304
7621 5307 7718 5319
5852 5185 5972 5249
50 6271 87 6498
1131 126 1365 163
1386 4831 1503 4840
7 282 19 521
1598 1881 1766 1915
1488 6914 1589 6922
2856 6472 2966 6491
7761 3289 7764 3526
5296 4461 5304 4940
3812 431 3899 533
5598 5418 5631 5570
6493 5449 7300 5460
7543 2803 7647 2895
4216 2798 4273 2899
2138 5828 2200 5911
992 441 1000 458
2439 7157 2457 7338
1087 195 1105 265
5392 2824 5411 2917
3278 5826 3340 5922
4327 2707 4333 3216
227 4111 596 4135
2291 5017 2711 5032
8061 5108 8080 5360
2074 1958 2213 1994
868 2564 931 2571
7434 2128 7444 2485
440 2336 463 2497
2486 1701 2505 1945
2893 6130 3448 6139
3738 6507 3740 6581
22 3053 85 3145
3466 2028 3485 2381
7402 3274 7431 3453
728 7629 751 7872
5773 2500 5834 2536
1429 7368 1529 7452
3824 7784 3839 7939
2484 5704 2498 6360
4934 2394 5121 2397
6998 2684 7018 3010
3688 4173 3698 4982
59 3921 100 4072
7110 6689 7482 6703
4319 5837 4392 5867
2988 254 3039 266
3347 5788 3670 5792
2506 4073 2658 4115
2570 5485 2604 5721
3340 66 3359 131
1675 583 1758 617
4095 424 4155 491
72 5459 115 5504
7040 4433 7321 4436
2096 5903 2107 6378
6319 4239 6363 4247
7512 298 7529 652
5653 7807 5694 7992
2561 6115 2571 6135
2432 1358 2478 1453
2825 7488 2840 7621
6018 7948 6072 8089
8115 3079 8122 3325
2703 2850 2945 2887
3846 7096 3871 7126
2463 4172 2551 4237
7681 4077 7728 4213
1439 5991 1529 6002
5586 708 5737 738
4553 4121 4710 4172
6250 3089 6308 3104
2679 7128 2778 7215
4470 7746 4513 7827
3249 1498 3523 1521
6550 5715 6555 6027
1698 2814 2189 2826
5091 5679 5109 5962
2151 5439 2214 5579
3594 4296 3604 4902
5882 3967 5929 4107
5270 4009 5279 4366
6561 5706 6782 5751
4217 5700 4284 5724
7807 1145 8000 1150
5743 2011 5758 2486
682 2515 799 2571
2578 4336 2810 4339
277 933 305 966
1915 5048 1958 5171
1403 7757 1431 7761
6691 6503 7188 6508
5410 6441 5453 6522
5648 427 5865 456
3515 10 3591 117
7101 7807 7174 7921
