200
582 2919
3431 2761
1780 2088
1466 4021
2093 3784
3702 2828
3846 1329
1655 1475
2951 26
3888 3113
921 3394
279 1349
124 1554
3960 2776
3791 1734
3661 277
557 2996
3038 2337
988 408
2262 3082
97 1868
1814 3943
3197 3469
1322 2052
3495 1115
1069 320
413 1348
1670 537
2903 1534
3313 2598
3268 2878
2875 3825
1779 1818
2066 2767
2226 232
1753 2323
2100 3567
2171 1201
2941 3493
3253 2340
512 226
2661 926
1574 235
1463 381
1769 681
2979 941
3559 1759
670 1242
3577 2736
4010 1707
2968 1667
4031 972
1139 2106
2173 4080
1503 1330
2324 2016
1556 889
2942 3130
1124 309
3512 2893
990 2395
3834 454
58 408
1696 3635
3144 1610
1247 2016
3278 1182
2988 321
3288 1065
305 695
2395 2629
2711 3951
3519 1557
2986 547
1867 2402
3441 2857
701 3179
3311 760
3588 912
299 2636
2522 1546
557 1704
2728 3545
2025 1920
515 2330
2616 2910
864 1231
2766 287
2789 1656
834 560
4058 179
3417 663
3359 2633
1423 2851
3545 1723
1391 1971
3269 1948
3676 1902
1398 1605
3822 1913
3936 2342
727 704
3574 3493
991 2267
1053 1825
2827 1015
2005 2148
1679 1268
685 3102
23 134
729 1414
2106 3999
3363 1686
1805 665
3291 1531
2578 3131
3874 3305
3835 3352
2703 730
1523 3756
2556 254
676 465
2402 2355
1733 3088
1361 1756
3222 2091
3170 1232
1994 2437
2918 3799
3102 2114
1234 1584
1149 1012
794 889
268 3497
1619 1791
3157 79
2045 3833
544 352
2092 2277
3440 3454
4033 2566
1449 3108
3799 3443
1449 2621
3146 456
639 284
2040 1789
1297 2834
2678 1565
2235 201
3357 1297
281 1306
1034 825
1658 3127
3103 1002
2485 3040
3569 3934
2052 3272
3281 3502
1797 2331
3958 2437
2615 1902
130 3912
641 2808
1382 2876
3009 643
77 3290
1949 1112
20 3608
143 3123
514 2628
2067 4083
2466 24
3259 1651
3526 961
3982 3388
3398 2501
1194 3528
2318 1835
2240 3700
616 1153
247 693
348 2196
1805 368
1708 1948
3491 2223
480 1462
2210 2946
1486 1374
501 916
2335 387
208 1637
2889 1403
1069 1111
3238 3309
715 3854
366 962
452 714
3158 2257
1082 771
2000
4066 3296 4095 3463
3479 1627 3482 1921
3025 3654 3201 3665
2749 3890 2767 4080
3242 2895 3282 2920
380 1940 472 1945
516 2764 579 2790
3597 3318 3979 3323
2491 612 2530 659
2936 3205 2966 3359
561 617 653 618
2455 2898 2647 2907
617 1491 837 1506
936 3631 984 3719
2950 1663 2960 1777
1636 3460 1708 3475
2352 1652 2358 2088
1020 1004 1079 1070
348 3846 609 3857
2253 1928 2257 2147
1836 30 1968 51
2526 2195 2605 2213
3095 81 3194 99
2798 1464 2833 1603
757 167 768 582
71 1406 80 1467
3427 3429 3646 3441
2934 366 2952 592
2132 585 2181 678
3033 3987 3071 4084
3233 3225 3343 3270
2992 922 3048 934
3693 2252 3794 2265
2453 3046 2789 3060
469 725 478 928
3500 2522 3507 2837
1043 426 1065 505
3654 886 3837 897
1475 2098 1496 2329
3030 2566 3176 2576
2467 1259 2473 1672
1037 1404 1068 1484
2113 3582 2208 3603
3588 2711 3674 2723
2733 1237 2741 1455
1951 2177 2227 2181
2639 1765 2882 1778
2794 445 2922 477
2049 3439 2188 3447
1618 4078 1725 4083
785 1700 811 1786
565 2581 742 2605
670 3375 674 3661
3572 1826 3661 1853
2229 4070 2442 4078
3191 2368 3307 2387
2103 1169 2351 1174
1221 3522 1227 3982
498 1139 543 1240
1197 1970 1202 2082
2337 3944 2523 3948
2606 1085 3002 1090
2807 4040 2900 4089
1734 862 1797 922
1108 560 1122 628
1001 3935 1055 4014
3874 1073 3884 1425
385 586 611 606
693 2894 989 2898
1384 571 1459 580
1048 642 1059 835
1460 394 1640 417
1521 1344 1836 1355
1354 872 1480 910
2215 2551 2420 2568
3362 280 3403 301
513 3926 525 4019
2141 1566 2243 1568
728 869 745 1103
153 114 169 323
3221 2353 3804 2360
2170 149 2412 152
2720 3828 2741 3921
1383 3478 1542 3483
135 2411 163 2499
730 46 740 468
1482 2079 1840 2088
1454 695 1533 729
352 1928 356 2085
1193 1246 1216 1375
1237 272 1373 278
2704 1988 2762 1996
3404 2232 3436 2280
2473 266 2517 328
1676 1005 1692 1238
279 2114 329 2138
3354 417 3482 428
3658 2158 3816 2175
997 798 1004 867
1860 310 1861 339
1587 2517 1662 2545
1836 1158 1996 1168
3705 1797 4011 1804
91 1526 278 1528
65 1319 276 1330
1156 2156 1381 2167
3168 2825 3175 3365
2002 3464 2262 3482
2474 997 2518 1059
2004 3345 2059 3411
1080 44 1099 293
1663 227 1930 237
2647 236 2664 378
326 3900 340 3965
3441 389 3515 404
3250 2077 3464 2100
3094 2518 3119 2564
3341 3766 3839 3775
1402 227 1409 507
3217 2485 3250 2531
661 2621 796 2654
3556 2028 3568 2328
1056 3877 1078 4067
1848 1340 2326 1347
4030 2018 4037 2538
3045 1954 3213 1966
2799 2771 2802 2943
81 2190 101 2273
3298 3048 3325 3198
989 312 998 622
189 224 207 496
397 3621 404 3674
362 472 599 486
4027 354 4039 502
749 1298 772 1458
3325 2688 3333 3001
2608 465 2617 984
778 1676 924 1691
1824 2561 1893 2605
2137 2502 2146 2774
1697 1084 1724 1246
1830 969 2281 980
3752 763 3973 780
2744 1662 2909 1674
1268 2562 1277 3036
666 2222 872 2236
3622 1988 3686 2038
3602 3455 3839 3462
1968 1550 2001 1583
447 3003 457 3384
1861 3637 1894 3725
2873 2175 2887 2325
3346 876 3350 1121
2699 2337 2705 2782
3087 1478 3191 1483
991 3503 1328 3516
3202 848 3286 888
981 2568 1043 2583
2084 1359 2375 1373
631 2080 914 2092
2417 1556 2440 1642
479 1854 515 1959
1992 2741 2001 3162
4023 2876 4047 3059
1243 578 1364 595
1246 1257 1507 1270
162 383 178 681
2188 3755 2210 3916
4016 34 4057 97
3716 2717 4049 2731
850 3764 897 3777
2989 447 3003 720
489 1030 506 1069
1810 3625 1814 3781
1574 2382 1599 2423
2379 1551 2397 1701
98 439 107 916
3989 906 4016 1055
1825 554 1843 824
3478 1351 3607 1380
2525 2442 2541 2705
2912 3574 2929 3787
1914 3029 1927 3337
347 2442 516 2457
1342 220 1369 272
1189 3109 1544 3115
2800 1252 3204 1260
940 2333 1018 2390
3533 145 3720 149
1130 820 1135 1139
1915 2292 1937 2345
959 32 974 150
2363 3696 2445 3748
351 997 380 1132
3336 3676 3342 3734
464 3367 551 3379
2317 3354 2328 3523
2932 3506 3269 3520
3217 2111 3365 2142
3123 1499 3170 1556
1131 2646 1199 2650
627 3633 649 3715
2886 3541 3524 3548
2279 1454 2304 1595
1816 1823 1823 2042
2186 50 2229 94
2000 2062 2025 2076
3341 107 3365 171
1713 2668 1800 2673
865 1853 992 1876
2286 861 2316 964
688 3879 711 3997
554 3618 608 3665
1999 570 2011 812
939 3850 1188 3867
502 3145 514 3214
1543 50 1557 84
3256 979 3282 1021
3861 993 3870 1434
3203 3986 3225 3999
2562 438 2597 578
2958 2078 3190 2091
2513 1558 2524 1618
3153 3884 3231 3921
3900 2354 3932 2395
335 2043 343 2602
540 1614 550 1942
28 4040 289 4044
1508 2900 1521 3073
1618 21 1669 117
596 741 701 756
2152 2647 2206 2719
2079 1731 2278 1738
2725 2241 2852 2252
68 1332 167 1353
2085 3973 2395 3984
1827 2681 1861 2703
289 597 312 676
1265 1780 1449 1799
485 3382 529 3460
2421 2961 2574 2979
2516 3634 2601 3635
3351 517 3537 531
3148 1448 3250 1471
4003 3383 4038 3523
819 1949 882 1998
1440 3188 1446 3300
436 1602 485 1688
2894 880 2909 909
952 3027 978 3034
1978 2495 2017 2547
3789 2757 3801 3162
2276 1772 2294 1969
1989 2000 2117 2006
1256 963 1533 979
2673 3630 2725 3650
2631 213 3090 220
1568 91 1607 106
1874 1235 2343 1241
2711 966 2802 999
884 3384 888 3737
944 3236 1036 3271
2727 2721 2744 2796
3755 1576 3773 1666
4066 52 4081 175
1208 3985 1912 3992
2337 511 2346 624
1258 3134 1281 3182
3562 264 3802 271
434 2734 450 2746
2173 1135 2278 1154
2442 1596 2445 1818
2086 3587 2090 3593
521 1543 539 1654
1945 1718 1969 1872
1093 2976 1107 3172
3820 1620 3866 1686
1831 1400 1836 1444
3642 3336 3750 3375
263 439 270 894
3983 515 3995 817
1508 2241 1631 2249
3606 836 3811 851
257 995 274 1288
2521 3754 2649 3781
3347 1894 3471 1933
3446 3342 3485 3380
2874 2497 2949 2557
4012 1084 4050 1155
60 2596 142 2608
774 1197 1000 1203
1432 290 1454 310
2035 2903 2047 3112
2243 2657 2248 2820
385 2266 450 2291
3694 516 3982 525
3794 2190 3931 2218
1556 1687 1575 1746
1252 1364 1262 1733
301 2684 318 2906
1603 3153 1610 3789
2100 1406 2125 1488
3407 3933 3460 3960
205 1683 246 1718
1874 3007 1881 3368
1626 3826 1803 3843
2640 2351 2690 2431
2172 470 2301 479
3590 253 3628 258
2417 2993 2427 3226
3234 3623 3633 3629
3094 3560 3404 3571
638 1301 681 1392
3744 926 3809 939
3343 461 3793 472
839 569 917 583
3338 360 3523 366
2090 1012 2310 1025
2474 712 2532 779
3894 1684 4046 1707
391 2788 429 2821
371 2029 410 2063
2714 560 2769 574
783 757 861 778
1831 283 1855 378
127 215 140 508
1272 307 1323 395
1134 64 1176 73
2604 1345 2640 1406
1363 1356 1993 1363
1931 2073 1976 2177
3195 341 3207 577
1237 3262 1246 3383
1285 3196 1308 3246
2105 50 2111 254
2639 869 2653 964
1339 1908 1343 1966
607 1734 749 1741
3283 548 3422 562
1069 1785 1070 1857
1899 2668 1934 2781
1004 3204 1131 3214
1443 647 1574 660
3980 1896 3995 2067
2807 1315 3027 1322
277 1688 284 2013
1444 1561 1568 1580
2019 3155 2059 3162
348 866 405 940
951 906 1032 940
386 2159 431 2164
801 1386 807 1408
3362 2476 3630 2481
724 2538 1126 2547
463 3638 475 3738
3168 661 3207 694
2137 207 2424 215
228 1569 245 1630
2047 2968 2182 3000
414 3310 436 3460
2315 1250 2382 1285
3803 211 3846 319
815 710 1000 731
2532 1008 2601 1029
3922 3091 3940 3142
157 1766 168 2194
981 2090 994 2112
3311 3594 3716 3606
1405 3173 1423 3200
2991 2334 3028 2413
2586 3785 2632 3847
1751 3259 1791 3317
1810 865 1818 1251
1863 1971 1944 1975
2335 3064 2374 3069
3901 1143 3912 1174
2186 2517 2197 2579
1788 2245 1809 2254
991 137 1012 204
2014 382 2038 577
2985 1051 3120 1082
1400 2320 1436 2399
823 3282 986 3294
1793 3891 2129 3902
2514 1470 2531 1539
2176 1450 2238 1474
2086 1326 2179 1340
3044 2944 3136 2978
2615 2062 2639 2069
315 51 329 188
3991 3847 4095 3872
2207 1073 2296 1120
3870 569 3956 611
1751 2434 1858 2465
3969 2739 3985 3022
26 2870 30 2939
3304 3679 3317 3840
3255 1950 3308 2044
2754 1206 2786 1231
378 3740 462 3779
2390 3467 2481 3471
19 2554 21 2643
329 2953 441 2988
57 3704 79 3807
2453 1062 2456 1099
1364 2577 1796 2582
1870 2491 1878 2504
2988 2802 3100 2819
2692 3669 2771 3696
1933 2642 1938 2644
3181 3092 3188 3460
3415 833 3487 875
3973 3888 3995 4094
3669 2316 3770 2352
2871 2884 2881 3299
308 1049 338 1119
3231 1100 3264 1146
1806 3423 1871 3429
3637 322 4033 329
785 2661 797 2737
1631 3435 2012 3441
1096 1918 1236 1940
532 906 641 948
3681 1437 4057 1442
783 1507 795 1549
79 3556 120 3562
2397 1913 2403 2177
2971 1584 2998 1640
2652 3785 2832 3798
2948 751 3017 763
1455 672 1639 676
92 1885 135 1902
3345 698 3359 746
2333 1125 2368 1152
416 3512 441 3699
3995 2596 4016 2666
127 2333 278 2344
3826 342 4019 345
3517 2434 3695 2449
3234 2995 3242 3213
3116 1737 3407 1741
1530 2599 1551 2686
259 286 679 292
1768 3550 1798 3604
575 800 584 826
2484 2140 2508 2291
771 3940 773 4060
2435 771 2466 864
3222 1535 3327 1542
3135 526 3144 1064
4048 2029 4086 2096
3685 2756 3714 2789
3308 2429 3374 2452
2443 287 2446 562
3439 608 3456 694
1589 1081 1606 1205
850 3499 855 3743
1614 3890 1711 3938
510 66 600 113
1711 1672 1736 1851
1707 2751 1728 2810
1693 2895 1768 2938
1341 3645 1381 3676
241 2004 244 2205
3113 2129 3124 2207
3526 1976 3537 2318
1182 121 1184 209
3515 29 3718 39
3321 300 3362 355
2624 3202 2634 3395
465 3105 538 3112
2204 2852 2685 2857
386 114 528 148
1416 1694 1448 1757
146 1974 156 2312
38 3267 61 3299
704 1568 732 1718
2015 688 2049 818
974 3360 989 3622
3276 3979 3459 3991
1201 2639 1233 2659
759 816 774 854
1352 3461 1534 3473
3705 2274 3876 2297
2232 3107 2270 3123
1222 832 1234 834
112 1299 201 1314
1865 389 1872 594
204 3577 216 3952
2271 2613 2337 2659
2001 1495 2022 1690
1201 2894 1220 3020
3480 1240 3543 1260
3559 3339 3618 3376
3089 4016 3475 4022
1546 1288 1651 1330
1335 1861 1374 1866
3414 2914 3538 2922
1284 1318 1301 1523
2227 2021 2239 2243
3936 3695 3947 3980
2461 2361 2540 2401
1608 1406 1624 1472
190 2626 203 2651
769 185 791 295
1529 2274 1630 2292
2925 278 3032 289
33 1405 52 1629
2073 1808 2166 1811
1831 2215 1959 2242
633 1839 691 1859
3484 3295 3584 3329
1565 482 1724 495
457 981 487 1117
1372 985 1382 1192
1387 3750 1389 3875
3119 1882 3272 1891
3038 2911 3086 2932
1010 1660 1050 1711
3185 2983 3216 3002
2098 2368 2248 2392
3034 2368 3107 2369
2107 3769 2185 3801
2493 209 2582 211
46 601 58 606
2660 637 2706 700
705 209 712 352
775 377 821 452
1367 2265 1391 2397
1152 1449 1180 1537
3424 2624 3429 2890
3848 3057 3887 3067
2082 1811 2097 1968
1521 521 1714 528
1146 478 1222 532
3416 1559 3459 1594
1623 311 1742 334
2617 3487 2635 3722
294 3469 414 3501
724 3473 727 3732
1479 2329 1567 2382
3986 1067 4010 1132
258 2514 273 2787
183 594 197 698
3564 947 3579 981
3234 1795 3381 1813
2518 1324 2721 1331
1778 2945 1818 2980
731 2923 779 2952
3317 576 3429 608
2316 3773 2505 3799
909 1512 942 1554
164 2874 173 3045
1978 1414 2095 1444
1075 431 1160 462
2952 1831 3003 1924
1698 3555 1761 3610
317 1534 332 1854
3849 3886 3904 3960
438 1489 524 1540
1574 842 1734 851
2560 318 2626 319
2187 3137 2238 3221
3962 3798 3987 3870
216 1482 253 1504
1 3421 13 3633
1211 1161 1226 1237
374 2463 480 2486
173 1754 198 1895
3935 3233 3969 3304
2658 95 2667 107
2212 1055 2296 1066
4024 1368 4028 1405
1183 99 1257 109
2065 1738 2078 1788
846 1580 1129 1592
912 1290 1041 1323
1741 3374 1872 3394
2075 1037 2136 1103
3052 3088 3129 3110
2234 2467 2335 2501
393 2642 403 2668
1234 156 1534 166
2283 4052 2514 4068
1426 1611 1468 1625
3067 1486 3086 1628
2476 1706 2688 1718
2075 1484 2083 1510
2888 4007 2951 4028
305 1260 310 1303
1042 1729 1198 1761
3627 2241 3646 2276
2815 867 2916 869
2657 1165 2903 1175
2129 422 2211 455
798 4053 976 4074
1834 1470 1849 1572
2347 3582 2592 3589
445 1291 599 1294
636 1908 689 1966
2548 2637 2565 2747
3132 3843 3182 3863
958 2801 1025 2846
1408 3565 1424 3875
2379 1228 2612 1247
278 242 376 277
1747 531 1776 602
2545 2004 2589 2058
605 2094 626 2277
1436 3394 1462 3422
3824 2332 3829 2469
889 2898 1028 2922
105 2302 113 2402
3200 2147 3257 2228
2998 2160 3002 2185
247 1781 258 1825
545 115 547 154
1863 3823 1969 3831
3724 854 3757 871
157 3442 225 3498
3191 185 3332 200
2772 3401 2868 3403
843 2619 1070 2634
724 3064 998 3073
1019 2736 1084 2741
2816 2133 3041 2139
3739 1134 3756 1392
3475 2499 3484 2729
1532 2120 1544 2130
534 2375 559 2440
1064 3380 1104 3452
179 3897 199 3990
2842 3763 2863 3857
1936 2251 2016 2281
1082 1782 1095 1972
3229 3921 3628 3926
2136 3620 2310 3648
2732 2612 2778 2646
55 3443 84 3519
64 3059 67 3352
314 1320 402 1360
3142 1323 3284 1334
3444 3131 3655 3137
318 744 398 755
3499 171 3557 184
2584 7 2610 53
436 654 460 668
383 220 586 223
1949 1215 2155 1235
3595 2905 3646 2911
664 893 683 946
2447 3936 2569 3940
1480 2768 1581 2770
980 1400 1036 1407
2803 3350 2860 3381
1788 1730 1860 1798
2499 1363 2502 1614
3739 3793 3894 3821
2764 521 2840 530
3289 3296 3294 3410
216 3369 391 3377
786 813 887 817
1686 107 1701 185
2049 3064 2102 3077
350 2313 433 2314
2917 1182 2931 1206
2266 542 2273 614
1799 192 1936 207
2071 1241 2156 1255
2120 506 2131 589
2419 336 2430 489
1156 1561 1222 1588
1213 3243 1240 3257
2785 223 2879 274
1492 4014 1620 4032
3000 307 3098 316
3887 3422 3993 3458
3574 1383 3612 1446
1900 1494 1906 1651
3494 248 3509 314
2550 3989 2556 4043
1588 3083 1600 3428
117 3590 126 3620
2531 2310 2691 2320
3262 1272 3318 1278
2395 954 2414 1072
990 3363 1011 3459
1521 1623 1524 1720
2974 2749 2985 3049
2051 293 2121 349
1393 2184 1412 2192
3299 3410 3388 3439
4050 860 4067 874
1969 275 1983 363
1054 185 1080 236
3755 587 3765 732
351 3750 370 3786
2002 1105 2051 1150
3985 2212 3993 2383
840 2977 1018 2992
3367 1001 3455 1029
787 1075 823 1174
1399 913 1492 958
483 2695 605 2722
2235 3849 2352 3882
207 2353 225 2463
2402 818 2405 894
3153 1654 3410 1667
1112 3334 1124 3423
3396 2019 3491 2031
3568 2544 3601 2582
2939 3711 3068 3727
3866 3096 3881 3223
1208 3655 1214 3782
310 3398 414 3401
3764 3577 3786 3672
1005 712 1022 780
3607 917 3645 942
3278 1335 3318 1455
1205 2219 1249 2319
2278 3213 2341 3255
669 636 742 655
3299 256 3313 385
4039 3656 4091 3699
2209 3601 2284 3610
3970 24 3973 54
921 2494 1212 2498
2195 645 2223 807
338 74 354 81
3960 886 3970 1369
1431 762 1463 778
3901 1628 3937 1676
1913 1050 2064 1071
1605 1604 1627 1635
2952 2545 2961 2919
3262 2788 3309 2800
1326 2460 1433 2503
3041 758 3054 771
2365 1880 2490 1887
295 862 297 1036
3098 1193 3471 1201
1752 3944 1841 3947
578 1550 596 1689
1150 2675 1159 3003
1729 2498 1808 2557
2558 1719 2574 1761
3445 1166 3521 1193
1245 1211 1411 1236
108 1559 131 1570
3511 4054 3851 4059
1018 181 1031 304
1423 3099 1550 3104
462 403 722 415
3368 787 3445 818
75 2776 82 3272
3933 2413 3945 2608
229 2870 251 2989
3793 1312 3837 1401
2260 2983 2383 3021
809 2752 896 2760
96 2940 129 2989
3399 406 3961 414
686 3088 789 3127
235 325 282 350
2778 3800 2781 3890
2443 3123 2571 3148
2613 1425 2626 1696
367 2320 413 2369
1606 2359 1641 2473
2911 3953 3044 3965
471 1171 487 1278
4004 747 4029 838
2781 3804 2798 3942
2714 2805 2785 2838
146 2760 162 2991
3308 3914 3729 3921
2666 2049 2844 2054
3679 3124 3688 3189
2403 2900 2438 2952
305 1396 306 1484
2869 3763 2894 3797
3903 39 3942 85
877 992 911 1129
1324 2824 1913 2831
502 449 580 469
2733 3461 2749 3466
1304 1820 1325 1964
3229 3656 3239 3765
3207 1634 3344 1645
535 992 567 1103
27 1292 33 1772
3918 1291 3930 1425
74 54 97 71
515 3813 1004 3819
3110 116 3172 134
1061 641 1151 642
279 3700 459 3718
2727 2477 2733 2566
641 1084 662 1301
3017 736 3020 837
88 1926 116 2038
2586 1454 2596 1624
1226 1257 1240 1296
2170 1574 2179 1677
1964 2740 1985 2929
2797 1212 2872 1246
2439 3830 2548 3834
755 631 930 641
3368 835 3414 840
3787 2397 3805 2632
2192 818 2212 915
1024 2172 1064 2256
3132 1704 3243 1712
1506 3276 1520 3368
2794 1855 2804 1914
3713 3261 3787 3264
3525 2411 3591 2420
2565 1865 2723 1879
2948 4043 2968 4064
2344 3369 2508 3376
2578 2610 2595 2807
888 1752 929 1800
1912 721 1919 863
195 3069 435 3078
1127 2223 1137 2420
93 2691 118 2777
3517 3021 3626 3058
3812 157 3838 187
636 3024 711 3058
1408 979 1799 989
3732 3525 4019 3537
2626 1422 2726 1446
78 1695 123 1742
3643 2043 3775 2065
943 1824 1007 1853
1482 1770 1630 1788
814 152 824 200
1946 201 2024 256
3646 1100 3657 1375
3097 3208 3125 3335
1814 3768 1830 3832
4020 3184 4038 3277
1243 2089 1780 2095
3008 456 3059 472
371 739 451 741
1494 3612 1501 3823
2119 3278 2477 3288
2986 3157 3001 3340
4061 3059 4087 3149
3878 60 3901 102
3332 1888 3337 1990
2754 3375 2768 3436
46 2481 83 2557
2729 1302 2733 1427
4012 3917 4068 3947
2297 2065 2319 2167
3938 2034 3950 2326
1320 1287 1340 1408
1377 585 1538 603
1712 3251 1735 3395
3357 2842 3373 3007
2993 231 3036 259
2731 3113 2741 3302
469 2160 555 2191
3201 2532 3232 2593
1698 1806 1708 1933
1250 530 1644 534
2585 1664 2609 1670
3723 1512 3735 1538
2771 2372 2807 2488
1577 350 1590 361
1771 3139 1827 3153
1017 1878 1029 2166
294 2206 311 2487
2792 3328 2805 3349
3735 1718 3776 1732
2688 2130 2693 2249
1502 181 1584 231
1156 3926 1161 4068
2249 3988 2368 4014
1296 26 1340 78
3122 1998 3151 2069
207 188 336 212
2758 1391 2775 1607
903 3172 1210 3181
3502 2169 3509 2296
212 3415 376 3425
70 3975 102 3997
893 397 955 431
131 912 144 1190
3717 3825 3829 3850
722 187 727 581
1118 1865 1151 1895
612 1331 632 1431
2444 1894 2480 2028
1590 1800 1629 1900
2598 371 2613 462
1904 1028 1918 1031
3119 2751 3125 2823
1543 2043 1558 2047
3410 276 3434 348
2570 1805 2603 1838
2676 563 2701 602
1738 1065 1742 1113
1775 1006 1789 1212
2697 1110 2793 1135
2255 2224 2272 2467
1021 12 1443 20
2519 3479 2555 3539
2731 3531 2779 3625
1137 1037 1151 1151
1107 3920 1185 3921
2371 3310 2436 3329
3444 750 3958 757
1639 618 1687 656
2897 3419 3081 3434
2578 3854 2638 3915
3244 398 3265 616
3574 1112 3637 1119
251 3533 369 3556
1661 1366 1915 1381
2222 2410 2245 2411
2393 4084 2513 4090
2283 3267 2401 3277
457 2605 476 2848
1741 1751 1785 1818
2641 132 2891 145
3641 2947 3774 2958
3474 3227 3871 3233
681 2283 733 2352
3374 3061 3689 3076
1212 2097 1269 2113
3904 3547 3930 3560
2742 1947 2930 1951
1083 414 1313 422
1012 1932 1017 2121
2447 458 2457 656
3684 1811 3839 1822
185 1007 201 1210
2356 499 2374 614
3896 3106 3898 3129
3843 3581 3919 3628
2733 1004 2756 1027
1108 22 1113 132
1544 2849 1545 2874
1770 3026 1843 3092
3290 1118 3320 1141
744 2319 872 2345
1647 3646 1670 3772
1036 1782 1044 1961
3859 157 3916 159
217 3828 337 3869
901 2204 972 2206
3435 1475 3483 1555
2877 1840 2886 1844
228 3746 318 3788
2945 1212 2997 1216
937 802 992 859
3155 946 3177 1117
752 3551 833 3597
2113 3902 2163 3954
1351 2620 1418 2654
2979 2721 2989 2749
490 168 577 184
287 3610 299 3626
3815 1521 3858 1542
3296 1018 3342 1053
1678 2877 1874 2892
3931 1872 4005 1888
2889 1434 2998 1446
1938 443 1981 476
3030 2427 3080 2505
3002 1685 3029 1808
1129 1160 1137 1195
1723 386 1732 389
2773 371 2792 380
1012 2532 1256 2535
1412 1936 1458 1983
1087 2563 1093 2638
467 504 557 530
579 2397 740 2418
3000 1172 3405 1177
3086 2337 3201 2355
573 3156 582 3573
2956 568 2985 649
2116 1202 2152 1210
107 3109 142 3229
887 32 907 64
341 1379 430 1391
2361 3597 2446 3642
779 3127 1055 3132
3839 122 4016 137
2171 3082 2178 3198
3485 3152 3666 3177
3568 1571 3582 1817
2932 1237 3329 1249
1862 1458 1867 1624
2251 496 2328 509
964 2232 972 2247
2223 728 2241 823
2900 2921 2946 2934
2058 2589 2117 2673
1620 3185 1636 3419
1724 430 1850 438
647 2840 741 2859
69 1017 119 1107
1961 3642 1980 3647
876 1911 972 1935
2658 3951 2674 3989
2267 3748 2304 3771
2444 953 2461 990
3136 2773 3162 2938
2642 2527 2653 2832
3334 3108 3372 3220
1068 2452 1132 2459
1357 729 1655 741
3917 3340 3964 3409
3214 2616 3276 2673
3071 1157 3163 1159
972 3034 1007 3062
1086 1977 1152 2006
2884 478 2924 487
2473 129 2500 189
2749 164 3143 173
3216 663 3241 775
3393 1308 3413 1409
2813 1644 2872 1657
2931 2429 3023 2480
2905 2177 2918 2366
3789 1445 3811 1668
2365 215 2502 234
1454 1644 1465 1737
2862 2148 2869 2792
160 1570 195 1655
894 137 911 266
858 1428 890 1475
3960 2402 3967 2468
592 1905 599 1960
2692 3514 2706 3554
159 728 224 784
2916 312 2981 322
1694 1530 1710 1657
2667 3720 2835 3735
3183 2592 3191 2748
890 1351 1179 1365
2319 745 2325 994
1753 2610 1930 2622
3217 257 3269 299
1439 3522 1543 3528
1336 3946 1421 3985
2496 2630 2521 2818
2927 1659 2935 1863
3861 1766 4066 1790
2140 1765 2285 1769
181 2827 185 2922
1973 3679 1992 3806
3117 462 3122 795
1515 2449 1537 2531
2975 991 3101 1021
2782 3102 2798 3108
2770 3481 3266 3490
664 946 699 1074
2061 4031 2284 4035
3401 1444 3561 1450
3878 1455 3886 1671
1889 478 1904 730
2329 1497 2364 1620
2035 2705 2114 2748
3186 2232 3284 2254
2531 337 2547 494
3512 1007 3599 1012
2612 2773 2638 2816
2305 3093 2373 3135
2880 610 2887 819
1132 3052 1161 3068
3690 66 3816 89
2834 2022 2945 2044
2099 2779 2104 2848
2903 3060 2989 3117
2547 1438 2552 1699
3883 2338 3885 2395
2400 2837 2581 2842
1744 650 1798 678
1969 985 2319 990
1307 2051 1319 2084
602 667 639 713
2492 1144 2634 1152
1408 108 1499 132
573 2038 579 2270
317 2302 327 2344
3809 2780 3851 2830
2145 1965 2179 2038
586 2748 723 2760
2069 3679 2076 3792
1067 400 1091 411
2308 249 2503 265
2530 2951 2708 2956
473 3985 491 4000
3710 1444 3760 1463
792 509 817 559
957 1069 961 1165
1526 454 1755 461
780 514 786 598
1537 3486 1547 3521
2741 829 2806 886
2936 1936 2974 1958
3655 3845 3663 3875
1775 1690 1833 1706
3575 1921 3642 1939
794 837 821 893
522 3884 632 3913
2897 1545 2929 1577
1785 2904 1869 2934
2201 1945 2221 2151
1871 904 1938 955
1824 2171 1931 2189
460 3041 528 3079
3152 3149 3155 3342
2732 2658 2749 2661
2487 2055 2507 2093
238 31 341 33
614 2648 646 2743
1949 3937 1983 4062
1916 520 1966 539
1062 3252 1111 3316
3627 586 3668 682
145 3308 171 3337
3844 1443 4094 1447
2188 3505 2213 3562
2800 607 2830 663
3554 1019 3566 1097
3653 1635 3690 1656
869 2596 1030 2600
2295 2333 2641 2345
1970 3043 1973 3341
1515 3950 1585 3955
360 1527 367 1714
1265 2134 1339 2142
1906 2436 1928 2594
1049 1985 1066 2114
1483 1038 1513 1179
609 787 707 825
2277 2168 2385 2211
3393 1960 3446 1964
2204 2266 2210 2359
1107 968 1118 1318
2349 824 2387 850
1383 1156 1441 1187
1978 1712 2018 1786
748 992 779 1071
7 371 26 622
1897 1284 2153 1301
3660 3284 3764 3293
3679 2177 3735 2232
1721 1876 1743 1915
1306 1633 1310 1732
2589 2010 2638 2023
2270 1694 2342 1705
772 963 933 968
1699 3058 1717 3233
1160 3129 1291 3134
1549 1833 1587 1937
174 2698 177 2934
2515 3879 2543 3919
4077 1162 4085 1372
427 958 542 960
3190 2902 3219 2905
3696 2553 3760 2570
3978 1507 3981 1650
1296 1544 1414 1580
2792 1396 2867 1410
3140 3760 3150 3784
30 761 46 1045
1988 0 2019 3
2754 900 2817 939
1141 1397 1238 1411
3373 3775 3392 3805
3191 3680 3198 3765
690 3735 825 3741
2659 3800 2761 3809
1514 557 1548 570
3002 3788 3165 3802
907 3957 982 4023
1525 3971 1659 3980
1468 2715 1664 2730
3742 2104 3744 2114
837 29 853 256
2053 837 2059 960
695 1803 948 1821
4050 2213 4075 2406
3314 2467 3619 2472
1490 1419 1530 1505
2626 2913 2638 2914
342 1609 352 1764
2764 2346 2783 2357
1312 2581 1316 2944
2257 1383 2356 1428
3496 643 3548 702
1633 2122 1654 2228
830 1711 1154 1715
3399 3812 3463 3885
1081 547 1089 619
2836 2975 2862 3152
2620 1979 2766 1982
2158 2422 2206 2456
1131 127 1165 154
1460 2105 1468 2465
3041 570 3102 572
3069 0 3082 148
1699 995 1739 1026
3063 1790 3078 1885
3673 3615 3746 3679
3660 39 3668 89
919 2089 936 2126
588 2459 749 2487
1212 2371 1266 2424
731 763 742 822
3661 195 3663 238
2812 940 2859 951
915 1268 922 1272
539 865 684 878
733 3007 790 3043
51 235 59 389
3556 3721 3840 3733
2808 1804 2827 1904
917 1383 947 1485
2541 1498 2545 1610
417 178 477 194
2292 3526 2342 3582
1747 2381 1820 2385
1337 546 1529 552
2831 21 2906 30
697 2140 811 2160
266 1535 312 1586
59 4001 180 4023
3621 2774 3627 2880
1049 2817 1062 2860
1158 3423 1492 3428
1671 51 1805 56
2326 1836 2345 1949
60 331 69 687
2995 2671 3079 2709
72 218 84 259
3436 1279 3447 1280
609 3018 628 3228
665 552 710 597
193 851 202 913
2600 1069 2978 1080
1655 568 1745 610
3237 1555 3433 1559
2494 526 2505 564
3499 1495 3575 1545
1295 946 1306 955
1157 610 1190 726
827 3461 834 3542
3626 1754 3980 1759
413 2842 426 2850
1665 337 1719 365
2110 687 2149 809
1794 3248 1805 3296
3783 3861 3859 3885
3589 2948 3636 2954
4058 561 4082 646
1128 156 1162 184
1074 2185 1264 2210
1857 2986 1861 3173
2934 1230 3159 1234
211 132 255 167
1837 1664 1947 1700
259 380 614 390
69 3829 147 3865
2382 1893 2392 2021
294 1883 323 2017
708 3249 711 3344
403 397 440 421
1606 3902 1607 3935
2092 771 2094 805
2023 2195 2095 2261
3157 145 3174 157
217 2041 225 2256
3579 1037 3591 1096
3604 2105 3619 2325
1243 2979 1247 3096
646 209 678 234
3606 640 3621 730
1030 2342 1060 2392
3879 2396 3899 2529
2128 2141 2147 2150
1434 2050 1472 2081
1212 1007 1278 1014
1693 3517 1711 3552
2459 3155 2503 3160
2571 612 2578 941
4016 3070 4017 3110
2153 258 2253 280
3661 778 3663 794
3316 3381 3551 3393
3400 66 3420 179
1065 1701 1157 1705
3105 2644 3126 2683
2791 3158 2809 3307
1316 1659 1320 1776
1306 2265 1343 2282
159 2624 181 2649
3971 3117 3986 3203
853 2442 896 2478
1706 2278 1736 2372
1117 2831 1127 2961
2690 249 2702 342
3848 1957 3869 2103
3362 1934 3387 1944
1723 2999 1728 3092
1367 1380 1396 1534
251 1368 284 1416
3151 3604 3226 3633
2442 2034 2443 2108
2929 2219 2948 2373
2578 128 2604 186
2592 3063 2607 3211
2293 186 2324 193
3482 1773 3510 1804
3825 3751 3847 3755
3673 1014 3693 1207
735 1878 968 1884
2407 634 2408 677
875 357 948 374
2262 1487 2269 1695
2066 1653 2157 1659
3605 1696 3634 1728
2445 1181 2566 1211
1456 1771 1476 1841
1459 3301 1482 3322
1236 596 1278 656
3914 2829 3930 2975
3664 2482 3696 2567
3481 3786 3713 3807
1090 3554 1102 3774
1210 741 1705 748
2617 2496 2619 2534
278 2167 286 2357
1003 2009 1012 2045
2436 3073 2475 3111
2526 794 2547 862
3063 1682 3081 1725
339 1871 444 1917
1852 1050 1909 1105
2413 1131 2465 1163
1802 59 1994 85
351 3001 376 3032
3692 1644 3707 1742
3933 643 3962 675
3869 706 3874 728
3375 47 3379 74
828 1724 876 1732
1656 3613 1942 3619
2320 2316 2471 2319
2669 505 2707 532
1149 317 1187 330
1023 3617 1049 3777
1097 655 1112 845
3809 580 3832 590
3837 2656 3904 2669
642 3279 660 3423
460 4043 562 4063
1250 2360 1298 2361
2246 3400 2274 3461
1767 2053 2176 2059
201 2661 230 2787
3007 17 3010 75
4046 1648 4084 1702
162 3832 168 3836
878 1212 883 1343
2588 1691 2601 1694
2816 3752 2838 3758
2833 3419 2874 3479
2643 1663 2727 1697
42 2978 47 3114
3818 973 3859 1044
941 3495 942 3574
1734 3036 1755 3072
3381 1825 3435 1831
1887 1797 1932 1896
1545 2792 1577 2817
85 2870 105 2928
956 1365 1091 1369
3956 1819 3991 1850
3806 3102 3809 3202
861 3316 862 3338
2163 28 2175 82
1547 2844 1556 3043
4079 1708 4085 1718
3021 3033 3043 3124
2757 1282 3360 1289
702 2864 937 2877
2913 890 3052 895
3009 2819 3061 2864
3236 1230 3638 1234
3326 1379 3390 1392
1276 3720 1330 3760
1488 1404 1540 1414
2467 585 2482 599
3534 3811 3682 3822
3637 171 3648 233
3169 2215 3183 2216
1931 2443 1985 2452
1771 3721 1784 3733
332 3101 438 3126
430 4014 440 4029
2636 3567 2717 3627
2861 360 3101 363
2034 599 2066 632
786 3423 792 3473
3091 1940 3269 1945
1566 1752 1595 1756
2322 3651 2443 3685
1818 3441 1844 3477
3952 2295 3955 2581
3053 941 3065 974
284 2774 288 2835
1030 2061 1048 2123
3170 1219 3528 1226
1906 3298 1913 3426
3406 1455 3643 1460
1014 520 1080 593
769 533 778 550
2273 39 2285 126
3203 719 3216 778
1211 2681 1220 2723
3232 3856 3343 3871
731 3220 1033 3234
197 3014 219 3050
1844 3222 1861 3366
736 2803 845 2824
2814 385 2874 396
1705 4063 2052 4073
1721 2015 1740 2020
3407 2506 3414 2828
2776 2684 2814 2694
2113 2776 2206 2820
227 1412 232 1439
1444 2134 1459 2416
529 2849 539 3039
3652 2658 3711 2665
101 3522 164 3527
1976 1901 2003 1963
709 2774 715 2791
604 3453 669 3488
1135 1015 1137 1034
3617 3679 3848 3691
1847 666 1851 707
1143 582 1174 584
2813 2292 2833 2350
1205 2337 1206 2349
3130 2152 3139 2269
3060 1410 3271 1423
179 3159 381 3163
14 3847 57 3926
1748 1224 1797 1240
3411 3006 3642 3011
464 2087 542 2149
3570 760 3776 763
1929 3071 1945 3230
3016 1451 3058 1540
3671 1860 3799 1868
2278 514 2295 779
3768 949 3926 956
2742 1738 2798 1747
3873 1848 3920 1939
2587 2838 2698 2852
1017 1178 1030 1186
309 3926 312 3961
563 298 669 323
2091 43 2096 88
3547 499 3796 505
1610 3629 1614 3932
2644 547 2888 554
671 1189 1030 1194
2384 2275 2464 2291
3905 2411 3916 2484
2526 2792 2554 2793
2076 2748 2088 2960
1192 700 1414 709
3873 652 3925 685
1378 3137 1384 3323
2658 2140 2675 2299
802 3413 835 3414
1198 24 1227 89
226 246 240 321
2534 101 2545 178
1979 3204 2041 3274
2239 1791 2270 1818
602 1827 607 1999
944 3510 959 3627
3620 3212 3647 3225
3678 2105 3703 2133
3977 3605 4007 3606
2816 2872 2842 2943
3621 3945 3738 3971
3074 3178 3094 3290
3223 1593 3233 1596
2756 1059 2935 1068
589 1032 649 1052
807 2639 846 2745
1914 4073 1965 4094
1161 3379 1202 3397
3165 1985 3238 2026
656 606 899 609
1194 2674 1207 2690
2686 3170 2715 3189
2491 1796 2666 1805
1229 815 1516 824
539 4082 658 4094
1521 1231 1642 1236
1161 2949 1180 3039
3498 1004 3573 1005
2727 2928 2744 3044
1893 2384 1898 2578
87 283 96 394
2921 1094 3139 1100
302 3819 773 3827
2370 1219 2560 1228
860 869 1108 872
2385 1405 2444 1431
610 3260 634 3420
2645 777 2809 793
1464 3176 1526 3252
604 3005 686 3015
31 2011 35 2221
587 3775 674 3803
20 3369 86 3443
1327 3788 1377 3884
2626 58 2921 65
2512 3112 2566 3114
1476 2590 1503 2667
3991 2835 3996 3119
3874 2332 3877 2509
59 10 123 46
2953 678 2958 687
1749 2140 1763 2301
3090 4045 3154 4055
767 2187 811 2215
3715 368 3776 387
3470 3278 3581 3295
3223 1489 3354 1496
1023 2671 1116 2696
3817 2547 3899 2596
3805 1237 3806 1266
2088 2475 2226 2495
3752 911 3892 926
3354 3708 3471 3715
442 1466 707 1474
1984 2019 1991 2033
1319 3148 1373 3207
1513 1267 1656 1273
3387 725 3462 727
3932 185 3943 209
3142 3527 3351 3540
467 3429 484 3431
1337 3711 1352 3737
2342 94 2347 120
3527 334 3922 340
2862 1492 2871 1552
260 1753 266 2301
839 3531 847 3770
1486 3610 1490 3679
998 3470 1161 3481
2716 2125 2721 2453
3698 537 3722 610
1570 3398 1582 3734
2832 2678 2846 2724
704 2558 841 2573
1798 833 1903 835
4017 3575 4036 3586
1435 1015 1477 1116
3736 2854 3768 2898
1138 691 1140 784
3402 3114 3658 3127
3829 1288 3849 1289
1136 1268 1192 1340
175 3221 218 3302
4060 2715 4072 2848
3793 1094 3836 1130
950 2714 994 2757
3833 2418 3854 2524
93 2549 235 2571
1963 860 2038 874
286 3873 336 3893
3486 3487 3556 3538
1410 281 1568 287
1678 3746 1747 3792
238 1297 261 1307
1196 3438 1449 3457
593 3997 628 4011
2008 134 2041 167
2676 1819 2693 1846
1107 1806 1164 1833
1324 2327 1341 2404
622 4019 721 4032
2619 2752 2628 2759
3053 3603 3075 3639
1514 3795 1543 3882
2964 3921 3171 3943
4049 663 4069 760
2070 638 2085 697
83 3576 99 3703
2931 73 2972 96
2580 2091 2709 2114
3996 3648 4021 3790
2896 1845 2926 1891
3365 3749 3641 3764
3336 1822 3358 1838
811 3010 896 3059
3270 58 3366 83
1083 3933 1141 3967
1622 1932 1673 1962
2483 1901 2528 1909
2949 1327 3086 1349
1910 2853 1931 3011
3730 2774 3769 2852
3338 441 3497 448
1915 3470 1918 3560
1320 847 1447 852
795 1552 816 1667
251 774 262 894
787 1968 799 2061
3482 542 3526 629
2261 2805 2288 2831
933 1076 949 1125
2008 3814 2021 3883
331 3631 395 3672
3927 459 3967 464
2497 96 2584 97
1008 3730 1022 3743
1688 266 1896 271
3513 2331 3586 2349
3585 1130 3613 1162
3251 639 3302 709
1896 3703 1937 3748
13 1800 16 1930
494 712 555 719
2465 1860 2587 1865
1861 369 2065 381
1143 822 1162 880
2392 16 2394 97
3255 3066 3279 3082
3336 3277 3393 3338
332 968 469 981
221 484 250 501
1332 2712 1404 2729
3587 1563 3735 1583
707 844 725 947
2867 1325 2900 1373
2109 1823 2123 1907
15 2361 39 2415
2864 824 2915 836
1506 1892 1534 1939
3615 1374 3642 1445
3011 2216 3066 2273
3493 796 3817 807
3888 1205 3890 1392
3439 1054 3450 1119
1694 2616 1715 2656
132 3311 135 3484
1289 1614 1292 1691
3194 826 3201 915
1122 3268 1182 3273
2103 3389 2244 3398
894 774 912 782
2969 3465 3139 3474
2379 9 2382 73
1178 796 1191 1061
2947 1131 2956 1179
2126 1528 2168 1532
3951 3681 3955 4028
1592 1472 1599 1584
2346 2109 2364 2111
1260 1014 1292 1020
1462 3591 1563 3607
2051 280 2224 293
380 3568 406 3619
3271 2534 3304 2565
2712 12 2776 17
441 2319 475 2423
3043 3223 3066 3272
1229 3560 1259 3661
1073 2987 1075 3052
4002 2324 4011 2395
1236 2511 1498 2525
3731 28 3840 42
1002 3784 1111 3804
367 1824 540 1852
1939 2491 1948 2628
1703 2458 1727 2482
3428 6 3588 11
1041 2862 1060 3020
735 3138 746 3208
538 2312 659 2323
1970 2651 2026 2696
440 3791 539 3800
2242 112 2258 133
1240 4075 1256 4093
983 1620 993 1645
1284 2607 1303 2633
2903 500 2906 765
1292 1593 1321 1612
3825 1856 3836 2086
4059 2465 4076 2494
1077 3821 1189 3848
1664 1672 1677 1721
3072 2214 3085 2359
3059 672 3108 694
2150 2105 2199 2156
401 2198 448 2264
1286 1063 1362 1076
3086 1496 3102 1612
2192 3682 2265 3688
135 2635 145 2970
2853 960 2940 999
3699 1287 3733 1358
2521 2102 2567 2173
3635 3559 3734 3589
885 468 886 495
1284 664 1343 673
2254 3925 2334 3954
319 1188 459 1220
412 1750 468 1812
3342 2695 3346 2740
3384 1481 3393 1502
1435 3570 1513 3582
43 1180 104 1255
1378 2597 1444 2619
3855 2817 3900 2888
319 439 350 473
176 1405 185 1446
533 2344 607 2374
3 2117 12 2407
1645 1060 1663 1125
447 3490 504 3532
2278 345 2401 370
1346 910 1389 926
519 2247 536 2342
2886 3905 2940 3931
181 30 191 185
3986 2408 3989 2503
4082 2260 4090 2378
3090 2706 3132 2735
1576 288 1602 350
9 3067 14 3280
188 3109 257 3136
3738 140 3836 147
3330 3515 3397 3517
3851 3556 3877 3572
1142 2265 1151 2361
2418 2877 2437 2885
510 2818 513 2977
1234 500 1361 528
4004 1956 4009 2085
952 1519 1048 1539
2682 1543 2727 1567
1779 2673 1794 2704
2597 3977 2635 4014
354 2691 380 2781
323 2809 338 2942
1942 891 1998 943
1267 798 1555 805
584 2879 669 2897
3424 3098 3629 3105
2072 911 2101 913
1129 3550 1179 3555
1381 2969 1414 3027
196 2900 206 2928
2795 3508 2847 3548
316 495 453 521
3713 1017 3770 1031
3460 193 3471 261
3559 605 3576 738
2335 2227 2452 2248
2007 2580 2106 2588
929 986 954 1061
3294 774 3297 969
950 2398 1028 2460
1429 2539 1558 2574
2208 3065 2215 3086
2354 2581 2490 2598
2672 3811 2700 3896
990 1092 998 1123
2825 1986 2970 2001
692 13 864 22
851 2108 881 2217
3061 519 3116 563
1630 1826 1679 1885
2564 1906 2602 1973
1751 2409 1814 2411
2587 74 2763 82
1199 3030 1212 3049
2244 3191 2269 3201
3220 3295 3221 3314
4061 4026 4071 4053
2675 4011 2728 4047
1383 614 1604 636
911 212 938 226
1176 1097 1186 1124
4013 207 4075 273
2927 1360 2992 1369
724 1900 827 1918
2061 1591 2103 1608
3682 186 3781 195
1762 1573 1767 1652
3929 3613 3932 3858
1768 2145 1781 2208
3848 1808 3953 1816
2333 3454 2383 3485
3485 2701 3498 2823
32 2742 41 3065
2566 2985 2582 3017
37 3114 55 3143
3976 727 3982 1272
2224 3874 2233 3889
2506 24 2517 45
3566 3404 3716 3406
1438 3916 1439 3978
2990 2094 3153 2108
2062 2445 2102 2455
2039 3573 2054 3686
1711 12 1834 48
270 485 275 563
1171 77 1179 115
3222 2971 3229 2999
4042 3177 4078 3244
273 564 288 595
823 447 868 470
3157 2310 3499 2318
8 1970 13 2110
500 1721 502 1807
825 1277 839 1382
1545 2386 1571 2455
1385 2569 1423 2576
37 2123 114 2182
808 2026 862 2047
1579 3791 1603 3916
1471 1691 1518 1707
2904 3970 2984 3992
1912 401 1926 492
3557 2699 3577 2791
3308 1590 3327 1619
3056 3805 3210 3822
2767 736 2849 758
1717 411 1775 429
1680 2162 1735 2182
2710 2091 2711 2158
1375 1199 1573 1205
3648 3545 3748 3551
3987 2850 3991 2953
500 2599 535 2604
758 655 847 691
2975 3841 3090 3883
855 1248 867 1390
101 3588 104 3726
821 779 861 790
1571 2136 1622 2211
1394 1330 1503 1350
3352 2544 3363 2600
2201 1503 2242 1543
1431 2917 1446 2974
2324 0 2351 75
3714 2608 3767 2612
2692 3348 2756 3362
323 628 330 677
1516 2062 1527 2067
1333 3486 1480 3520
2389 578 2402 748
2910 768 2962 816
702 830 706 1181
1303 3332 1358 3357
2489 3522 2503 3559
3587 1658 3651 1675
2692 1886 2763 1898
2381 2516 2449 2535
523 2004 624 2029
1732 2726 1756 2755
516 1408 547 1451
594 3605 630 3617
3010 2016 3061 2029
2941 1662 2943 1846
3340 496 3526 502
1909 620 1921 627
3120 1166 3213 1169
2478 1423 2499 1445
2811 3116 2831 3328
3921 3596 3929 4006
1283 2855 1308 2945
3306 1826 3328 1857
2274 2861 2306 2912
2891 3027 2908 3030
1882 2201 1985 2204
277 2599 282 2992
2126 1433 2160 1516
1728 720 1809 737
2503 1275 2513 1548
3184 2757 3222 2888
3005 2146 3076 2208
788 3265 811 3289
1817 441 1854 542
1822 3582 1929 3608
3221 4041 3568 4053
818 3895 825 3897
1469 762 1572 773
3125 1770 3171 1783
1201 306 1231 327
1213 1787 1220 1802
1365 613 1381 672
423 1586 429 1630
1680 198 1775 223
2040 2288 2046 2526
3125 3365 3126 3376
2776 570 2829 584
741 3974 770 4091
2757 110 3057 118
2745 1366 2754 1482
2811 2368 2833 2502
2060 1535 2152 1557
1282 768 1316 780
836 1626 849 1652
1110 3228 1126 3245
1591 2953 1656 2961
1221 2959 1222 3013
2632 1032 2976 1045
451 531 494 579
2592 3460 2608 3494
606 1178 636 1185
276 2435 289 2496
3146 872 3149 951
2431 1663 2433 1746
3906 1347 3908 1367
2602 3588 2607 3640
1320 2899 1445 2909
3399 3675 3575 3695
2436 2666 2480 2673
2395 40 2454 68
3283 1827 3299 1944
2362 1069 2368 1085
128 605 130 668
1810 3188 1838 3233
2637 3995 2663 4049
3252 3878 3350 3908
3032 2619 3064 2635
4041 1319 4042 1356
3240 1027 3265 1038
4017 2279 4028 2282
1094 3999 1134 4088
490 359 647 369
2531 951 2591 991
2427 1282 2439 1298
1330 557 1340 559
558 423 591 437
2037 2099 2183 2102
1354 724 1419 728
4002 514 4042 559
3365 2135 3490 2160
1646 176 1660 230
1669 2345 1698 2432
3862 2943 3886 3024
2525 2283 2532 2292
2339 418 2346 436
1193 171 1418 189
886 670 976 686
44 1991 74 2113
1786 573 1800 579
74 1636 126 1671
246 1666 315 1688
3682 1770 3768 1778
1818 788 1821 794
1157 2046 1166 2100
2930 542 2931 615
2749 2444 2758 2552
3694 2574 3697 2616
3384 632 3408 707
2606 3724 2647 3741
386 3301 421 3304
3698 3606 3744 3609
3244 1039 3288 1058
2157 746 2172 775
163 3377 327 3383
26 4 32 261
2993 1979 3036 1980
2457 3662 2464 3711
3172 2111 3196 2170
300 2495 320 2673
3196 2387 3604 2395
1802 1638 1845 1663
3848 301 4066 306
396 1700 532 1708
4028 2120 4029 2183
3693 1210 3701 1279
782 3364 891 3375
1363 1303 1394 1315
1302 2190 1340 2245
1259 834 1678 840
317 1230 385 1253
1328 1985 1500 2012
