1 423 0 2 97 3 3 339 1 4 192 0 4 434 1 5 88 0 5 332 1 6 194 0 6 312 0 7 104 0 7 244 0 8 275 1 8 293 1 9 188 1 9 205 1 9 351 1 10 51 0 10 197 0 10 328 3 11 129 3 11 340 3 12 175 1 12 231 0 13 411 0 14 133 0 14 200 1 14 204 1 15 143 1 15 447 0 15 482 3 16 61 1 16 212 0 17 137 0 17 316 1 18 315 0 19 117 2 20 294 1 21 226 0 21 244 1 22 274 0 23 287 0 23 357 1 24 45 1 24 141 0 25 410 0 26 30 0 26 131 0 26 242 3 27 390 1 27 438 1 28 133 0 28 245 0 29 330 1 29 400 1 30 289 0 31 133 0 31 286 1 32 439 1 33 453 1 33 461 0 34 256 1 34 364 0 34 412 1 35 94 1 36 61 0 36 323 0 37 200 0 38 98 0 38 253 1 39 74 1 40 246 0 40 262 1 40 282 1 41 43 1 41 66 0 41 125 1 42 82 1 42 83 0 42 138 1 43 373 0 44 310 1 44 471 0 45 134 0 46 232 1 46 464 0 46 497 0 47 325 0 47 445 1 48 52 0 48 168 0 48 182 1 49 122 0 50 227 0 51 86 0 52 236 1 53 188 1 54 208 0 54 233 0 55 437 0 56 97 1 56 183 1 57 253 0 57 285 0 57 333 0 57 487 1 58 140 0 58 364 0 59 172 0 59 279 0 60 328 0 60 392 0 61 284 1 61 456 3 62 194 0 62 289 0 63 75 3 64 371 1 65 345 1 65 392 0 65 423 0 67 290 1 67 374 0 68 341 1 69 128 1 70 121 0 70 178 1 70 439 1 71 466 1 71 497 0 72 196 1 72 365 0 73 192 1 73 292 1 74 166 1 74 326 3 74 394 1 75 123 1 76 463 1 77 114 1 77 275 2 78 277 0 78 317 1 78 326 0 79 218 1 80 348 1 81 351 3 82 389 1 83 179 1 83 217 1 84 153 1 84 240 1 85 347 0 85 455 2 86 89 1 86 264 0 87 90 1 87 252 0 87 414 0 88 374 1 88 492 1 89 150 1 90 215 1 91 155 0 91 164 0 91 187 0 91 299 0 92 324 1 92 377 0 92 493 1 93 103 1 93 173 0 93 177 0 93 258 1 94 312 0 95 251 1 95 370 3 96 300 1 96 305 1 96 480 1 97 146 0 98 271 1 98 396 1 99 114 1 99 367 0 100 175 1 101 224 2 101 346 0 102 299 1 102 419 0 102 476 0 105 394 0 105 431 0 106 278 0 107 116 1 107 373 0 108 149 0 109 180 0 109 343 1 110 170 1 110 273 0 110 500 1 111 235 0 111 356 0 112 297 1 113 228 0 115 224 1 115 487 0 116 225 1 116 404 0 117 266 0 117 461 0 118 250 0 118 258 1 119 141 0 119 387 0 120 122 1 120 257 0 121 166 0 123 226 1 124 284 0 125 160 0 126 178 0 126 401 0 127 226 1 128 240 1 128 360 0 129 161 0 130 479 2 131 266 0 132 196 1 132 395 0 134 237 0 134 417 1 135 264 0 136 395 0 136 489 1 136 496 1 137 320 1 138 251 0 139 173 1 139 223 1 141 220 1 141 321 0 142 263 1 142 269 1 142 495 1 143 319 1 143 485 0 144 463 1 145 362 1 145 424 0 146 493 1 147 337 1 147 450 1 148 349 0 149 234 0 149 466 0 151 423 0 152 324 1 152 400 1 154 203 1 154 245 1 154 327 0 156 292 0 157 295 0 157 398 1 158 432 0 159 273 0 159 427 1 160 428 0 161 482 1 162 220 1 162 442 1 163 445 0 165 229 0 165 316 0 167 195 0 167 424 0 169 354 0 169 489 1 170 265 1 170 499 0 171 302 0 171 483 1 172 468 1 174 218 1 174 322 0 176 276 1 176 331 1 177 495 0 178 418 1 179 445 1 180 206 0 181 334 0 182 221 1 182 283 1 183 257 1 183 318 2 184 278 1 184 438 1 185 354 0 186 461 1 187 254 0 189 425 0 189 428 1 190 299 1 190 311 0 191 236 3 192 225 1 192 379 1 193 324 0 193 478 1 195 343 0 196 399 2 198 380 1 199 285 0 201 241 0 201 333 1 201 335 1 202 269 1 202 339 0 204 308 1 207 370 1 208 238 1 209 264 0 210 317 0 210 420 0 211 257 1 211 334 1 212 276 1 213 286 1 214 367 2 215 475 1 216 380 0 216 475 1 219 366 1 219 459 0 221 408 1 222 476 1 227 449 1 228 303 1 228 378 0 229 267 1 229 421 0 230 337 1 230 465 0 231 331 1 231 397 0 235 393 0 235 462 0 236 390 0 238 466 1 239 452 0 239 488 0 240 483 1 241 491 1 242 349 0 243 313 1 244 446 0 245 344 1 246 339 1 247 306 1 247 409 0 248 288 0 248 454 1 249 488 0 254 301 0 254 373 0 255 315 1 256 426 1 259 393 0 260 341 1 260 413 1 261 274 1 262 285 1 263 342 0 265 382 1 267 309 1 268 278 0 268 376 1 270 434 1 271 484 1 274 451 0 275 281 0 276 293 0 276 384 0 279 389 1 280 464 1 280 467 1 280 490 0 281 361 1 282 351 1 282 422 1 283 297 0 287 341 3 288 459 1 290 479 1 291 361 1 294 425 1 295 311 1 296 448 0 297 364 0 298 470 1 298 494 0 300 468 1 302 358 0 303 338 1 303 486 0 304 420 1 304 421 0 306 477 0 307 367 1 308 325 1 308 402 0 309 391 1 310 410 0 313 456 0 314 368 0 315 381 0 315 399 2 316 417 1 318 359 0 319 353 0 319 430 1 321 472 0 322 456 0 323 376 1 327 437 0 329 363 0 329 422 1 330 378 1 332 415 0 334 346 1 334 435 1 335 410 0 336 385 0 336 405 1 336 472 1 338 497 2 342 469 1 344 426 0 347 441 1 348 495 1 349 366 0 350 363 1 350 407 0 350 473 1 352 442 1 353 441 0 355 393 0 355 464 0 357 479 1 358 380 1 360 402 1 360 499 1 362 480 0 368 375 1 369 471 1 371 472 1 372 458 0 372 484 0 374 446 1 375 500 1 379 449 1 381 450 1 383 463 1 383 485 0 386 418 0 388 440 1 388 486 1 391 403 0 392 470 1 397 451 1 398 467 1 402 444 0 403 434 0 403 436 1 405 411 0 406 431 1 407 481 1 409 448 0 411 452 0 413 457 0 415 494 1 416 458 0 423 465 1 427 443 1 429 430 1 431 438 0 432 454 1 433 459 0 433 460 1 455 478 0 457 460 2 471 477 1 474 498 0 488 498 1 413 414 2 150 272 0 
154687.172200
500
1 156035.204800
2 156035.204800
3 156035.204800
4 156035.204800
5 156035.204800
6 156035.204800
7 156035.204800
8 156035.204800
9 156035.204800
10 156035.204800
11 156035.204800
12 156035.204800
13 156035.204800
14 156035.204800
15 156035.204800
16 156035.204800
17 156035.204800
18 156035.204800
19 156035.204800
20 156035.204800
21 156035.204800
22 156035.204800
23 156035.204800
24 156035.204800
25 156035.204800
26 156035.204800
27 156035.204800
28 156035.204800
29 156035.204800
30 156035.204800
31 156035.204800
32 156035.204800
33 156004.743200
34 156004.743200
35 156004.743200
36 156004.743200
37 156004.743200
38 156004.743200
39 156004.743200
40 156004.743200
41 156004.743200
42 156004.743200
43 156004.743200
44 156004.743200
45 156004.743200
46 156004.743200
47 156004.743200
48 156004.743200
49 156004.743200
50 156004.743200
51 156004.743200
52 156004.743200
53 156004.743200
54 156004.743200
55 156004.743200
56 156004.743200
57 156004.743200
58 156004.743200
59 156004.743200
60 156004.743200
61 156004.743200
62 156004.743200
63 156004.743200
64 156004.743200
65 156004.743200
66 156004.743200
67 156004.743200
68 156004.743200
69 156004.743200
70 156004.743200
71 156004.743200
72 156004.743200
73 156004.743200
74 156004.743200
75 156004.743200
76 156004.743200
77 156004.743200
78 156004.743200
79 156004.743200
80 156004.743200
81 156004.743200
82 156004.743200
83 156004.743200
84 156004.743200
85 156004.743200
86 156004.743200
87 156004.743200
88 156004.743200
89 156004.743200
90 156004.743200
91 156004.743200
92 156004.743200
93 156004.743200
94 156004.743200
95 156004.743200
96 156004.743200
97 156004.743200
98 156004.743200
99 156004.743200
100 156004.743200
101 156004.743200
102 156004.743200
103 156004.743200
104 156004.743200
105 156004.743200
106 156004.743200
107 156004.743200
108 156004.743200
109 156004.743200
110 156004.743200
111 156004.743200
112 156004.743200
113 156004.743200
114 156004.743200
115 156004.743200
116 156004.743200
117 156004.743200
118 156004.743200
119 156004.743200
120 156004.743200
121 156004.743200
122 156004.743200
123 156004.743200
124 156004.743200
125 156004.743200
126 156004.743200
127 156004.743200
128 156004.743200
129 156004.743200
130 156004.743200
131 156004.743200
132 156004.743200
133 156004.743200
134 156004.743200
135 156004.743200
136 156004.743200
137 156004.743200
138 156004.743200
139 156004.743200
140 156004.743200
141 156004.743200
142 156004.743200
143 156004.743200
144 156004.743200
145 156004.743200
146 156004.743200
147 156004.743200
148 156004.743200
149 156004.743200
150 156004.743200
151 156004.743200
152 156004.743200
153 156004.743200
154 156004.743200
155 156004.743200
156 156004.743200
157 156004.743200
158 156004.743200
159 156004.743200
160 156004.743200
161 156004.743200
162 156004.743200
163 156004.743200
164 156004.743200
165 156004.743200
166 156004.743200
167 156004.743200
168 156004.743200
169 156004.743200
170 156004.743200
171 156004.743200
172 156004.743200
173 156004.743200
174 156004.743200
175 156004.743200
176 156004.743200
177 156004.743200
178 156004.743200
179 156004.743200
180 156004.743200
181 156004.743200
182 156004.743200
183 156004.743200
184 156004.743200
185 156004.743200
186 156004.743200
187 156004.743200
188 156004.743200
189 156004.743200
190 156004.743200
191 156004.743200
192 156004.743200
193 156004.743200
194 156004.743200
195 156004.743200
196 156004.743200
197 156004.743200
198 156004.743200
199 156004.743200
200 155796.992000
201 155796.992000
202 155796.992000
203 155766.536400
204 155766.536400
205 155766.536400
206 155766.536400
207 155766.536400
208 155766.536400
209 155766.536400
210 155766.536400
211 155766.536400
212 155766.536400
213 155766.536400
214 155766.536400
215 155766.536400
216 155766.536400
217 155766.536400
218 155714.347200
219 155714.347200
220 155714.347200
221 155714.347200
222 155714.347200
223 155714.347200
224 155714.347200
225 155714.347200
226 155714.347200
227 155714.347200
228 155714.347200
229 155714.347200
230 155714.347200
231 155714.347200
232 155714.347200
233 155714.347200
234 155714.347200
235 155714.347200
236 155675.383000
237 155675.383000
238 155675.383000
239 155675.383000
240 155675.383000
241 155675.383000
242 155675.383000
243 155675.383000
244 155675.383000
245 155675.383000
246 155675.383000
247 155675.383000
248 155675.383000
249 155675.383000
250 155675.383000
251 155675.383000
252 155675.383000
253 155675.383000
254 155675.383000
255 155675.383000
256 155675.383000
257 155675.383000
258 155675.383000
259 155675.383000
260 155654.673000
261 155639.673000
262 155639.673000
263 155610.383000
264 155594.194000
265 155594.194000
266 155594.194000
267 155594.194000
268 155572.519400
269 155572.519400
270 155572.519400
271 155572.519400
272 155572.519400
273 155541.868600
274 155541.868600
275 155523.484000
276 155494.359800
277 155494.359800
278 155494.359800
279 155494.359800
280 155494.359800
281 155494.359800
282 155494.359800
283 155494.359800
284 155494.359800
285 155485.466400
286 155431.998800
287 155431.998800
288 155403.744600
289 155403.744600
290 155403.744600
291 155403.744600
292 155403.744600
293 155403.744600
294 155403.744600
295 155403.744600
296 155386.253400
297 155386.253400
298 155386.253400
299 155386.253400
300 155386.253400
301 155386.253400
302 155386.253400
303 155386.253400
304 155370.354000
305 155357.099600
306 155357.099600
307 155357.099600
308 155357.099600
309 155357.099600
310 155357.099600
311 155357.099600
312 155357.099600
313 155336.389600
314 155336.389600
315 155336.389600
316 155336.389600
317 155336.389600
318 155336.389600
319 155336.389600
320 155336.389600
321 155336.389600
322 155336.389600
323 155329.839400
324 155329.839400
325 155329.839400
326 155329.839400
327 155329.839400
328 155329.839400
329 155329.839400
330 155329.839400
331 155329.839400
332 155329.839400
333 155329.839400
334 155329.839400
335 155329.839400
336 155329.839400
337 155289.721000
338 155289.721000
339 155289.721000
340 155244.987400
341 155244.987400
342 155244.987400
343 155244.987400
344 155244.987400
345 155224.750800
346 155210.348800
347 155167.277600
348 155167.277600
349 155146.567600
350 155115.088400
351 155115.088400
352 155108.650800
353 155108.650800
354 155108.650800
355 155091.958200
356 155089.029200
357 155065.165400
358 155065.165400
359 155065.165400
360 155052.739400
361 155052.739400
362 154995.579800
363 154995.579800
364 154995.579800
365 154974.869800
366 154974.869800
367 154974.869800
368 154974.869800
369 154970.727800
370 154970.727800
371 154970.727800
372 154970.727800
373 154970.727800
374 154970.727800
375 154970.727800
376 154970.727800
377 154970.727800
378 154970.727800
379 154970.727800
380 154970.727800
381 154970.727800
382 154970.727800
383 154970.727800
384 154970.183400
385 154970.183400
386 154970.183400
387 154970.183400
388 154970.183400
389 154945.745600
390 154945.745600
391 154945.745600
392 154945.745600
393 154945.745600
394 154945.745600
395 154945.745600
396 154945.745600
397 154945.745600
398 154877.816800
399 154877.816800
400 154877.816800
401 154877.816800
402 154877.816800
403 154877.816800
404 154877.816800
405 154877.816800
406 154877.816800
407 154877.816800
408 154877.816800
409 154877.816800
410 154877.816800
411 154877.816800
412 154877.816800
413 154877.816800
414 154877.816800
415 154877.816800
416 154877.816800
417 154877.816800
418 154877.816800
419 154877.816800
420 154877.816800
421 154877.816800
422 154877.816800
423 154877.816800
424 154877.816800
425 154877.816800
426 154877.816800
427 154877.816800
428 154877.816800
429 154877.816800
430 154877.816800
431 154877.816800
432 154877.816800
433 154877.816800
434 154877.816800
435 154877.816800
436 154877.816800
437 154877.816800
438 154877.816800
439 154877.816800
440 154877.816800
441 154877.816800
442 154877.816800
443 154877.816800
444 154851.355200
445 154835.568400
446 154835.568400
447 154835.568400
448 154835.059600
449 154835.059600
450 154792.397000
451 154749.047800
452 154749.047800
453 154749.047800
454 154749.047800
455 154749.047800
456 154749.047800
457 154749.047800
458 154749.047800
459 154749.047800
460 154720.468000
461 154694.787600
462 154694.787600
463 154694.787600
464 154694.787600
465 154694.787600
466 154694.787600
467 154694.787600
468 154694.787600
469 154694.787600
470 154694.787600
471 154694.787600
472 154694.787600
473 154694.787600
474 154694.787600
475 154694.787600
476 154694.787600
477 154694.787600
478 154694.787600
479 154694.787600
480 154694.787600
481 154694.787600
482 154694.787600
483 154694.787600
484 154694.787600
485 154694.787600
486 154694.787600
487 154687.172200
488 154687.172200
489 154687.172200
490 154687.172200
491 154687.172200
492 154687.172200
493 154687.172200
494 154687.172200
495 154687.172200
496 154687.172200
497 154687.172200
498 154687.172200
499 154687.172200
500 154687.172200