81
29 23 1
10 33 1
21 35 1
34 35 1
10 0 1
29 24 1
15 22 1
27 30 1
29 35 1
20 32 1
28 24 1
32 37 1
32 25 1
28 34 1
1 21 1
31 32 1
31 33 1
32 25 1
33 35 1
33 35 1
26 32 1
30 24 1
17 21 1
30 33 1
26 30 1
28 22 1
11 34 1
22 26 1
18 23 1
21 37 1
30 36 1
27 23 1
20 22 1
18 3 1
31 24 1
29 33 1
21 34 1
21 31 1
32 24 1
28 23 1
17 21 1
31 39 1
32 34 1
19 28 1
33 37 1
25 22 1
32 32 1
31 25 1
30 23 1
32 33 1
30 34 1
29 37 1
32 40 1
33 40 1
24 24 1
12 33 1
4 21 1
23 21 1
32 32 1
32 35 1
26 33 1
11 34 1
32 35 1
26 37 1
27 22 1
30 33 1
32 23 1
29 32 1
33 33 1
27 21 1
24 35 1
26 24 1
33 32 1
29 24 1
27 32 1
30 24 1
28 24 1
31 36 1
32 23 1
30 32 1
29 36 1