4 5 2
2 6 0
6 1 0
9 3 7
3 8 7
9 1 3
9 0 1
13 9 7
5 12 2
11 12 5
6 3 1
4 11 5
10 11 4
8 13 7
15 12 11
10 14 11
2 16 6
14 15 11
6 8 3
12 16 2
8 17 13
8 19 17
10 18 14
20 15 14
18 20 14
22 17 19
22 23 17
23 13 17
20 24 15
6 19 8
6 25 19
16 25 6
24 12 15
21 25 16
24 16 12
30 23 22
29 19 25
16 27 21
28 29 25
20 26 24
29 22 19
24 27 16
23 9 13
29 30 22
31 21 27
26 27 24
31 25 21
18 26 20
26 31 27
31 28 25
4 32 10
32 18 10
32 26 18
32 31 26
31 29 28
30 9 23
31 30 29
32 30 31
