17 5 49
37 5 17
75 55 57
49 73 17
5 27 60
53 75 57
37 27 5
99 55 75
53 10 75
57 0 53
17 24 37
77 10 53
55 5 57
26 77 53
73 24 17
0 26 53
24 27 37
10 99 75
59 26 0
5 0 57
24 66 27
24 81 66
10 94 99
94 97 99
60 0 5
58 24 73
99 39 55
97 39 99
38 39 97
69 10 77
49 58 73
98 27 66
26 69 77
69 94 10
81 98 66
94 38 97
24 16 81
24 72 16
26 33 69
38 32 39
98 60 27
58 72 24
98 0 60
16 98 81
59 33 26
48 0 98
48 59 0
20 98 16
20 48 98
68 58 2
68 72 58
72 12 16
12 20 16
49 2 58
84 48 20
32 55 39
49 93 2
48 50 59
50 33 59
33 94 69
23 61 32
43 94 33
51 43 33
68 12 72
50 51 33
84 50 48
43 38 94
38 23 32
12 84 20
22 12 68
43 23 38
11 83 50
2 22 68
93 22 2
61 55 32
23 30 61
84 11 50
85 43 51
83 51 50
25 30 23
43 25 23
62 12 22
12 40 84
18 84 40
18 11 84
51 67 85
83 67 51
93 62 22
11 56 83
93 4 62
56 67 83
62 40 12
78 4 93
85 25 43
18 56 11
14 67 56
18 47 56
25 31 30
76 96 40
96 18 40
65 4 34
47 14 56
64 31 25
62 76 40
65 62 4
78 34 4
65 76 62
25 19 64
96 47 18
85 19 25
65 71 76
67 19 85
96 86 47
44 65 34
71 96 76
19 1 64
78 44 34
78 42 44
14 19 67
1 31 64
86 14 47
78 46 42
46 79 42
44 71 65
46 70 79
96 35 86
46 82 70
82 79 70
71 35 96
13 35 71
42 63 44
74 31 1
90 74 1
86 88 14
35 6 15
79 63 42
35 88 86
54 6 35
63 71 44
13 54 35
15 88 35
9 82 46
82 63 79
88 19 14
21 90 1
63 13 71
19 21 1
21 92 90
82 45 63
92 8 90
8 74 90
9 45 82
88 21 19
21 91 92
78 9 46
91 8 92
9 95 45
95 52 45
87 91 21
36 91 87
88 87 21
6 88 15
31 61 30
87 80 36
87 7 80
95 89 52
29 36 80
7 29 80
41 89 95
6 3 88
41 28 89
3 87 88
54 3 6
89 45 52
3 7 87
89 63 45
89 13 63
28 13 89
28 54 13
29 91 36
29 8 91
28 3 54
3 29 7
49 78 93
9 41 95
49 9 78
41 3 28
74 61 31
