114 73 377
363 114 377
2 470 467
112 2 467
2 361 470
277 467 377
493 2 112
92 248 49
346 114 363
363 29 204
363 341 346
92 109 248
346 262 114
226 467 277
226 140 467
248 234 49
430 377 73
430 277 377
2 22 361
49 158 402
402 168 19
277 174 226
92 30 109
346 468 262
234 158 49
99 30 92
158 168 402
140 112 467
174 435 226
341 207 346
430 174 277
85 363 204
207 468 346
29 169 204
114 430 73
169 85 204
32 30 99
107 363 85
361 465 470
465 236 470
465 403 236
477 435 174
236 92 470
465 475 403
236 99 92
59 32 99
478 207 341
430 477 174
493 22 2
434 402 19
107 341 363
262 430 114
22 465 361
30 248 109
107 478 341
415 168 158
299 478 107
330 112 140
477 121 435
344 226 435
468 430 262
344 140 226
416 19 168
430 298 477
344 330 140
121 344 435
236 59 99
19 362 434
331 465 22
416 362 19
298 121 477
227 112 330
227 493 112
57 207 478
496 468 207
220 493 227
234 415 158
57 496 207
415 416 168
230 32 59
236 230 59
220 22 493
106 85 169
57 396 496
132 106 169
29 132 169
30 234 248
234 176 415
113 434 362
107 88 299
220 331 22
57 367 396
240 30 32
403 230 236
299 57 478
85 88 107
47 415 176
290 57 299
88 290 299
230 240 32
208 475 465
132 259 106
331 208 465
106 88 85
47 416 415
475 230 403
290 367 57
240 234 30
290 164 367
496 430 468
234 271 176
13 259 132
496 298 430
362 347 113
494 331 243
494 208 331
475 212 230
240 271 234
416 347 362
62 319 212
212 240 230
319 240 212
290 235 164
494 394 208
438 319 62
319 16 240
271 47 176
192 298 496
475 62 212
290 172 235
192 459 298
329 16 319
165 113 347
220 243 331
396 192 496
330 188 227
192 381 459
208 62 475
227 51 220
259 88 106
431 220 51
344 188 330
431 243 220
188 51 227
471 290 88
459 121 298
472 271 240
471 172 290
47 347 416
259 471 88
271 184 47
438 329 319
16 472 240
16 311 472
208 438 62
390 243 431
228 471 259
367 192 396
148 228 259
480 16 329
235 460 164
184 275 47
13 148 259
188 269 51
164 192 367
269 431 51
269 390 431
460 192 164
172 460 235
480 311 16
383 459 381
172 195 460
47 391 347
275 391 47
222 271 472
391 165 347
55 243 390
397 269 188
222 184 271
121 188 344
329 419 480
471 400 172
311 222 472
460 46 192
400 195 172
438 419 329
153 390 269
459 188 121
479 222 311
153 55 390
494 371 394
46 381 192
368 46 460
46 383 381
394 438 208
243 371 494
13 399 148
55 371 243
342 117 391
368 408 46
195 368 460
117 165 391
275 342 391
480 479 311
153 58 55
380 394 371
414 58 153
281 419 438
399 274 148
195 105 368
98 153 269
397 98 269
274 228 148
394 281 438
459 397 188
408 383 46
58 497 55
380 281 394
228 400 471
497 371 55
419 479 480
459 93 397
383 93 459
98 414 153
338 165 117
195 197 105
224 397 93
224 98 397
195 412 197
448 224 93
400 412 195
218 383 408
224 326 98
274 400 228
130 93 383
419 303 479
380 232 87
105 408 368
326 414 98
476 399 359
152 414 326
130 448 93
218 130 383
275 372 342
476 274 399
332 419 281
13 359 399
497 380 371
184 372 275
497 232 380
39 342 372
224 152 326
222 372 184
87 281 380
105 218 408
448 100 224
197 218 105
100 152 224
332 303 419
321 412 400
274 321 400
321 473 412
497 250 232
342 338 117
303 222 479
197 80 218
303 372 222
414 497 58
39 338 342
250 238 232
67 372 303
332 10 303
35 238 250
10 67 303
87 332 281
238 87 232
82 338 39
130 100 448
90 82 39
421 321 274
476 421 274
80 130 218
82 179 338
486 82 90
412 80 197
412 161 80
152 497 414
473 161 412
146 321 421
250 7 35
489 100 309
7 238 35
489 152 100
372 90 39
181 130 80
213 100 130
166 7 250
161 181 80
327 181 161
111 497 152
111 250 497
111 166 250
213 309 100
181 213 130
7 481 238
423 481 7
151 309 213
437 321 146
77 489 309
166 423 7
489 111 152
10 127 67
338 113 165
89 127 10
127 372 67
181 36 213
151 77 309
379 181 327
132 359 13
489 289 111
364 310 327
238 332 87
233 127 89
36 151 213
82 187 179
310 379 327
161 364 327
373 10 332
206 161 473
206 364 161
10 53 89
182 206 473
233 44 127
238 373 332
321 182 473
449 421 476
437 182 321
127 90 372
373 53 10
481 373 238
53 233 89
173 364 206
82 190 187
190 417 187
233 433 44
359 449 476
486 190 82
242 373 481
182 173 206
449 146 421
181 167 36
179 113 338
111 306 166
379 167 181
27 233 53
289 306 111
25 242 481
423 25 481
128 44 433
239 182 437
53 294 27
373 294 53
126 146 449
254 437 146
126 254 146
239 189 182
128 127 44
254 239 437
128 90 127
126 455 254
306 423 166
455 257 254
349 190 486
239 149 189
306 25 423
77 289 489
189 173 182
433 461 128
189 287 173
291 242 25
315 291 25
40 126 449
257 239 254
90 349 486
128 349 90
233 461 433
373 355 294
306 315 25
379 418 167
162 373 242
41 379 310
41 418 379
287 364 173
149 287 189
162 355 373
426 36 167
426 151 36
115 364 287
364 41 310
432 349 128
482 128 461
40 455 126
260 306 289
162 199 355
27 461 233
115 41 364
294 37 27
426 77 151
77 260 289
499 239 257
418 426 167
482 432 128
37 461 27
43 199 162
355 37 294
457 455 40
499 149 239
273 461 37
291 162 242
457 257 455
37 463 273
356 432 482
283 41 115
287 283 115
418 425 426
291 43 162
457 499 257
273 482 461
40 267 457
436 199 43
426 260 77
267 249 457
143 41 283
110 418 41
291 436 43
69 355 199
261 41 143
110 6 418
249 499 457
6 425 418
69 37 355
283 70 143
61 260 426
261 110 41
283 64 70
482 14 356
287 64 283
492 432 356
149 64 287
143 125 261
436 69 199
70 125 143
69 463 37
440 177 260
61 440 260
307 249 267
249 74 499
273 14 482
322 356 14
322 492 356
60 440 61
425 61 426
492 120 432
260 315 306
69 447 463
499 64 149
120 349 432
293 177 440
302 425 6
175 64 499
3 61 425
196 120 492
349 417 190
463 14 273
221 463 447
221 14 463
74 175 499
69 411 447
315 436 291
302 3 425
116 260 177
322 196 492
94 125 70
64 94 70
307 74 249
293 116 177
116 315 260
60 293 440
186 64 175
3 60 61
389 186 175
385 261 125
31 125 94
74 389 175
385 110 261
110 302 6
203 411 69
292 389 74
31 385 125
411 221 447
293 343 116
389 141 186
186 94 64
343 398 116
385 302 110
221 322 14
193 74 307
436 203 69
217 349 120
322 50 196
315 231 436
203 131 411
196 217 120
343 33 398
349 424 417
217 424 349
292 20 389
20 141 389
50 217 196
50 145 217
340 292 74
203 253 131
193 340 74
398 256 116
131 221 411
398 9 256
116 231 315
256 231 116
50 122 145
491 385 31
491 138 385
145 308 217
231 203 436
33 9 398
406 385 138
337 9 33
443 203 231
308 424 217
302 353 3
406 302 385
353 60 3
221 50 322
292 163 20
450 203 443
387 450 443
424 187 417
141 94 186
340 163 292
38 424 308
337 247 9
247 256 9
302 339 353
469 387 443
193 276 340
313 276 193
406 339 302
308 333 38
141 31 94
141 491 31
45 253 490
122 308 145
139 339 406
60 343 293
122 268 308
353 343 60
170 33 343
203 490 253
170 337 33
427 138 491
231 469 443
337 422 247
450 490 203
258 490 450
333 5 38
313 48 276
258 498 490
427 406 138
276 163 340
141 427 491
50 11 122
48 163 276
268 333 308
23 0 427
339 52 353
0 406 427
137 247 422
469 450 387
353 170 343
484 333 268
131 223 221
223 50 221
11 268 122
170 422 337
56 484 268
45 131 253
469 258 450
267 193 307
490 1 45
76 163 48
256 469 231
45 223 131
272 137 422
223 11 50
369 406 0
498 1 490
223 209 11
170 272 422
52 170 353
5 424 38
333 458 5
369 139 406
23 369 0
484 458 333
48 374 76
247 469 256
369 316 139
313 374 48
209 266 11
11 56 268
272 15 137
1 223 45
20 427 141
266 56 11
401 56 266
52 483 170
339 252 52
358 369 23
484 487 458
313 225 374
15 247 137
429 15 272
23 198 358
427 198 23
139 252 339
20 198 427
278 139 316
266 301 401
483 272 170
163 198 20
428 76 374
278 65 139
65 252 139
464 258 469
487 136 458
225 428 374
103 65 278
136 5 458
15 469 247
52 280 483
1 382 223
388 136 487
15 464 469
285 378 163
378 198 163
484 388 487
136 424 5
163 129 285
76 129 163
420 378 285
446 429 272
483 446 272
56 388 484
157 136 388
171 15 429
428 129 76
209 301 266
129 420 285
42 136 157
446 171 429
1 118 382
280 446 483
252 280 52
18 223 382
118 18 382
464 498 258
18 209 223
251 428 225
401 388 56
244 198 378
464 384 498
279 129 428
354 118 1
420 244 378
384 1 498
384 354 1
428 286 279
280 214 446
252 350 280
251 286 428
135 316 369
133 252 65
103 133 65
358 135 369
316 103 278
171 464 15
135 103 316
357 279 286
133 350 252
202 157 388
198 135 358
301 388 401
301 202 388
18 301 209
150 354 384
160 279 357
202 42 157
244 135 198
159 464 171
133 144 350
313 251 225
183 384 464
214 171 446
18 348 301
135 133 103
279 420 129
350 214 280
279 244 420
150 451 354
350 201 214
160 244 279
160 444 84
159 183 464
357 444 160
495 286 251
135 97 133
84 244 160
264 211 202
348 202 301
214 159 171
211 42 202
97 144 133
183 150 384
439 286 495
159 323 183
439 357 286
439 444 357
18 119 348
444 124 84
124 12 84
211 474 42
352 135 244
376 439 495
118 119 18
244 17 352
376 318 439
12 244 84
201 79 214
12 17 244
211 229 474
241 144 97
8 354 451
350 335 201
8 118 354
8 119 118
144 335 350
205 451 150
79 159 214
183 205 150
370 135 352
135 54 97
246 323 159
54 241 97
241 351 144
237 246 159
318 444 439
183 304 205
335 79 201
17 370 352
12 300 17
323 304 183
297 75 54
79 237 159
348 264 202
351 335 144
370 54 135
441 335 351
318 124 444
300 370 17
264 229 211
407 318 376
264 282 229
75 241 54
54 154 297
154 75 297
91 205 304
296 54 370
296 154 54
68 451 205
335 284 79
68 8 451
81 12 124
393 205 91
407 72 318
393 68 205
405 154 296
318 81 124
441 95 335
72 81 318
314 81 72
81 300 12
284 237 79
81 366 300
8 445 119
324 229 282
366 370 300
102 323 246
68 413 8
366 296 370
123 405 296
102 304 323
75 351 241
325 237 284
66 101 366
366 123 296
95 284 335
178 102 246
102 91 304
101 123 366
237 178 246
81 66 366
485 101 66
495 407 376
413 445 8
154 63 75
134 66 81
345 413 68
462 68 393
405 63 154
407 210 72
210 314 72
314 134 81
328 314 210
324 474 229
375 284 95
462 345 68
453 95 441
63 351 75
453 404 95
348 282 264
375 325 284
351 453 441
91 156 393
156 462 393
63 453 351
142 66 134
404 375 95
102 156 91
325 178 237
123 4 405
185 270 445
142 485 66
474 136 42
245 134 314
245 142 134
255 345 462
328 245 314
83 102 178
156 255 462
194 245 328
83 395 102
4 63 405
334 485 142
270 119 445
392 119 270
392 348 119
392 282 348
178 410 83
282 200 324
320 63 4
395 156 102
413 185 445
325 410 178
263 156 395
155 4 123
245 334 142
101 155 123
392 200 282
485 155 101
359 40 449
147 263 215
147 156 263
71 413 345
386 96 324
413 288 185
200 386 324
71 288 413
255 71 345
219 334 245
410 395 83
325 452 410
71 265 288
156 360 255
334 155 485
456 200 392
194 219 245
96 474 324
334 28 155
210 194 328
334 34 28
147 360 156
191 360 147
155 320 4
453 216 404
360 71 255
375 452 325
200 305 386
395 215 263
216 375 404
179 434 113
488 26 216
26 375 216
288 270 185
334 180 34
454 71 360
86 21 191
21 360 191
28 295 155
295 320 155
305 96 386
219 180 334
409 305 200
375 78 452
147 86 191
456 409 200
312 288 265
215 86 147
295 442 320
312 365 288
24 409 456
288 466 270
365 466 288
336 24 456
466 392 270
410 215 395
320 453 63
21 454 360
466 456 392
180 104 34
104 28 34
26 78 375
104 295 28
466 336 456
320 216 453
442 216 320
26 108 78
71 312 265
454 312 71
317 78 108
410 86 215
78 410 452
78 86 410
251 407 495
26 317 108
317 86 78
442 488 216
474 424 136
40 193 267
104 442 295
317 21 86
336 409 24
313 407 251
488 317 26
442 317 488
21 312 454
96 424 474
424 179 187
219 104 180
21 365 312
40 313 193
317 365 21
104 317 442
29 359 132
359 313 40
424 434 179
317 466 365
317 336 466
