939 867 281
867 29 281
299 867 939
867 547 29
504 867 299
527 75 939
258 547 867
199 258 867
737 867 955
504 955 867
151 299 939
978 75 527
369 299 151
885 299 369
931 547 258
68 939 75
885 6 299
98 867 737
978 68 75
931 638 547
931 73 638
781 931 258
869 745 504
401 737 955
455 73 931
673 885 369
470 199 867
737 468 98
939 624 151
857 737 401
68 624 939
896 624 68
697 547 638
444 23 863
857 468 737
896 897 624
98 470 867
928 504 299
745 955 504
37 23 444
98 594 470
23 527 863
151 673 369
281 242 526
526 338 281
928 869 504
29 242 281
23 978 527
23 503 978
450 885 673
727 242 29
978 896 68
742 885 450
594 319 470
599 37 444
897 959 624
199 684 258
687 73 455
450 563 742
547 659 29
988 727 29
388 857 401
624 673 151
959 673 624
319 199 470
697 710 547
208 710 697
687 343 73
544 959 897
959 450 673
258 144 781
193 959 544
684 144 258
468 594 98
299 656 928
6 656 299
199 115 684
659 988 29
127 978 503
343 638 73
242 81 526
127 896 978
450 34 563
843 23 37
193 591 959
959 34 450
591 34 959
499 127 503
760 338 526
81 760 526
388 733 557
127 149 896
967 544 897
745 401 955
896 967 897
710 659 547
149 967 896
885 648 6
742 648 885
843 503 23
967 698 544
727 81 242
313 648 742
967 130 698
563 313 742
794 81 727
698 193 544
794 101 81
343 697 638
144 931 781
802 594 468
648 656 6
857 802 468
319 115 199
503 639 499
745 388 401
599 843 37
928 58 869
988 794 727
343 208 697
745 733 388
843 639 503
388 802 857
639 127 499
876 648 313
648 966 656
869 348 745
101 760 81
309 710 208
375 144 684
876 918 648
319 763 115
58 348 869
712 918 876
383 763 319
557 802 388
34 313 563
918 966 648
599 679 843
698 591 193
591 229 34
115 375 684
687 898 343
409 698 130
656 58 928
348 733 745
127 171 149
769 639 843
149 517 967
171 517 149
517 130 967
557 260 802
870 340 348
517 409 130
763 45 115
656 176 58
343 309 208
679 769 843
409 591 698
821 898 687
290 101 794
679 445 769
229 313 34
865 293 966
115 765 375
771 794 988
966 176 656
442 171 127
594 383 319
409 229 591
639 442 127
918 865 966
340 733 348
229 876 313
455 821 687
979 343 898
931 821 455
979 309 343
291 144 375
979 311 309
802 383 594
45 765 115
771 290 794
861 865 918
144 821 931
340 241 733
821 602 898
311 35 309
347 176 966
293 347 966
639 285 442
366 241 340
769 285 639
733 260 557
929 855 290
229 712 876
979 42 311
285 456 442
771 929 290
260 383 802
58 870 348
452 58 176
712 861 918
765 291 375
45 650 765
659 771 988
475 650 45
602 979 898
771 253 929
865 607 293
852 144 291
607 347 293
763 475 45
290 760 101
347 452 176
42 35 311
679 116 445
852 821 144
516 517 171
253 855 929
442 516 171
452 870 58
445 285 769
861 607 865
241 701 733
855 760 290
456 516 442
659 137 771
116 285 445
87 318 475
584 701 241
701 260 733
457 35 42
4 452 347
607 4 347
318 650 475
763 87 475
366 584 241
383 87 763
516 409 517
194 710 309
701 368 260
194 659 710
137 253 771
35 194 309
765 491 291
260 711 383
53 253 137
650 491 765
285 408 456
408 516 456
516 932 409
491 852 291
916 457 42
679 645 116
32 645 679
194 137 659
979 916 42
435 861 712
11 932 516
368 711 260
318 396 650
711 87 383
229 435 712
711 819 87
583 408 285
919 650 396
602 916 979
116 583 285
919 491 650
589 457 916
932 229 409
408 11 516
589 995 457
408 472 11
126 491 919
556 53 137
852 570 821
457 194 35
570 602 821
4 880 452
556 111 53
103 589 916
995 194 457
711 24 819
819 318 87
570 758 602
9 645 32
801 111 556
407 229 932
717 701 584
194 556 137
758 916 602
556 703 801
861 114 607
717 999 701
396 126 919
435 114 861
880 178 452
717 522 999
570 223 758
999 368 701
116 476 583
178 870 452
407 435 229
994 645 9
607 295 4
114 295 607
645 476 116
774 645 994
178 340 870
280 994 9
758 103 916
178 366 340
645 458 476
599 32 679
748 458 645
703 111 801
774 748 645
472 932 11
589 267 995
366 717 584
636 995 267
636 715 995
880 384 178
295 880 4
103 267 589
730 267 103
476 408 583
295 146 880
819 396 318
715 194 995
571 295 114
715 548 194
288 126 396
819 288 396
950 250 435
986 852 491
24 948 819
948 288 819
250 114 435
114 63 571
407 950 435
476 472 408
758 730 103
126 986 491
932 680 407
986 570 852
472 680 932
556 132 703
250 63 114
111 253 53
548 556 194
178 717 366
496 680 472
628 24 711
680 391 407
813 253 111
496 616 680
813 855 253
407 772 950
391 772 407
548 132 556
182 748 774
245 132 548
994 182 774
717 829 522
680 537 391
368 628 711
368 872 628
85 368 999
280 182 994
576 986 126
666 223 570
22 267 730
522 85 999
623 948 24
948 5 288
178 284 717
623 905 948
829 471 522
471 85 522
723 772 391
146 384 880
288 576 126
537 723 391
872 550 628
245 40 132
384 284 178
717 577 829
636 433 715
628 623 24
85 872 368
905 5 948
482 182 280
244 570 986
284 577 717
244 666 570
458 472 476
779 872 85
815 616 496
571 14 295
461 284 384
14 146 295
758 22 730
458 496 472
22 636 267
576 244 986
779 751 872
223 22 758
433 548 715
418 613 63
244 139 666
502 680 616
815 502 616
238 751 779
613 571 63
245 625 40
613 14 571
550 623 628
669 458 301
223 856 22
669 496 458
980 855 813
636 106 433
22 106 636
306 244 576
373 502 815
991 829 577
960 548 433
666 856 223
502 537 680
748 301 458
146 461 384
723 805 772
657 905 623
250 418 63
669 815 496
159 132 40
669 492 815
5 576 288
985 669 301
111 17 813
132 111 703
132 17 111
960 245 548
492 373 815
47 872 751
980 760 855
139 643 666
382 856 666
106 960 433
5 306 576
47 550 872
643 382 666
461 906 284
922 623 550
657 5 905
625 159 40
805 950 772
159 17 132
284 991 577
502 723 537
238 47 751
159 355 17
182 301 748
805 250 950
756 906 461
922 657 623
991 471 829
182 985 301
723 728 805
121 47 238
779 121 238
121 83 47
613 140 14
437 245 960
47 922 550
437 625 245
482 243 182
777 813 17
85 121 779
805 418 250
471 121 85
752 613 418
805 752 418
906 991 284
243 985 182
502 728 723
204 669 985
76 244 306
777 980 813
76 139 244
752 140 613
204 492 669
461 332 756
204 26 492
856 106 22
76 385 139
826 437 778
752 647 140
991 320 471
952 985 243
696 83 121
906 432 991
432 320 991
320 121 471
146 332 461
365 856 382
120 657 922
795 752 805
355 777 17
728 795 805
620 647 752
14 332 146
777 49 980
385 643 139
26 373 492
365 270 856
643 365 382
140 332 14
890 355 159
952 204 985
5 940 306
977 952 243
28 373 26
117 940 5
960 778 437
826 625 437
960 833 778
761 657 120
940 76 306
320 696 121
230 795 728
657 117 5
505 243 482
47 357 922
357 120 922
83 357 47
854 432 906
833 826 778
502 230 728
270 106 856
333 83 696
818 355 890
972 625 826
643 217 365
106 833 960
505 977 243
76 350 385
320 767 696
333 357 83
752 61 620
270 943 106
373 230 502
756 854 906
385 217 643
972 159 625
795 61 752
230 466 90
972 890 159
767 333 696
28 230 373
355 518 777
28 466 230
112 777 518
818 518 355
943 833 106
761 117 657
854 454 432
980 338 760
112 49 777
833 972 826
90 795 230
647 332 140
28 573 466
521 332 647
74 365 217
332 854 756
432 188 320
357 761 120
188 767 320
454 188 432
977 889 952
642 890 972
454 581 188
333 196 357
118 818 890
357 649 761
303 76 940
534 940 117
303 350 76
217 814 74
620 521 647
466 809 90
74 270 365
889 204 952
940 55 303
642 118 890
809 795 90
534 55 940
26 488 28
350 217 385
833 62 972
204 488 26
505 923 977
217 254 814
62 642 972
573 809 466
923 889 977
289 581 454
117 314 534
196 649 357
814 949 74
949 270 74
818 351 518
575 761 649
228 943 270
761 314 117
575 314 761
9 482 280
949 228 270
889 488 204
351 112 518
904 795 809
404 649 196
718 904 809
904 61 795
833 864 62
350 254 217
488 573 28
767 196 333
118 351 818
61 521 620
303 481 350
351 907 112
481 254 350
652 889 923
678 481 303
854 353 454
481 719 254
118 585 46
254 949 814
46 351 118
713 521 61
55 678 303
560 314 575
353 289 454
943 864 833
884 118 642
521 64 332
719 248 254
943 567 864
678 183 481
505 1 923
884 585 118
1 652 923
46 44 351
841 61 904
62 884 642
688 188 581
566 64 521
889 614 488
188 646 767
841 713 61
688 646 188
46 170 44
289 688 581
724 534 314
248 949 254
904 561 841
64 854 332
646 196 767
404 575 649
248 757 949
64 353 854
713 566 521
724 55 534
573 718 809
1 48 652
718 561 904
864 884 62
560 724 314
757 228 949
440 353 64
889 695 614
546 406 404
567 884 864
196 546 404
44 907 351
646 546 196
792 907 44
170 792 44
907 49 112
917 566 713
55 79 678
183 719 481
724 79 55
507 440 64
585 170 46
719 971 248
406 575 404
850 64 566
695 156 614
884 422 585
422 170 585
926 841 561
598 719 183
248 874 757
246 64 850
246 507 64
652 695 889
48 695 652
971 874 248
108 79 724
184 289 353
560 108 724
79 183 678
406 560 575
184 160 289
160 688 289
79 598 183
228 567 943
135 841 926
429 695 48
598 971 719
156 488 614
370 546 646
917 850 566
993 406 546
688 370 646
718 926 561
713 200 917
228 776 567
135 713 841
971 811 874
135 200 713
79 654 598
683 695 429
465 695 683
187 207 792
170 187 792
422 187 170
207 848 792
440 184 353
884 410 422
874 228 757
839 688 160
691 135 926
718 691 926
488 718 573
917 635 850
370 993 546
848 907 792
635 246 850
48 473 429
839 370 688
228 209 776
498 200 135
511 135 691
156 718 488
884 860 410
246 36 507
331 860 884
465 156 695
567 331 884
27 654 79
498 394 200
674 160 184
886 370 839
560 86 108
776 331 567
473 683 429
36 440 507
108 27 79
511 498 135
674 839 160
370 520 993
156 691 718
406 86 560
71 422 410
406 335 86
156 686 691
874 209 228
860 71 410
71 187 422
91 686 156
780 195 848
200 635 917
195 907 848
387 686 91
440 674 184
632 207 187
465 91 156
334 387 91
993 335 406
635 36 246
36 674 440
735 108 86
394 635 200
735 27 108
86 489 735
48 100 473
511 359 498
590 839 674
71 632 187
268 91 465
569 860 331
776 305 331
305 569 331
430 36 635
1 100 48
874 835 209
835 776 209
621 195 780
387 438 686
860 661 71
632 848 207
569 661 860
632 780 848
268 334 91
590 886 839
334 741 387
835 305 776
36 590 674
704 27 735
359 394 498
473 465 683
211 993 520
335 489 86
654 726 598
726 971 598
704 722 27
362 305 835
726 811 971
489 704 735
110 465 473
100 110 473
195 49 907
811 835 874
211 335 993
110 268 465
330 661 569
741 438 387
686 511 691
370 211 520
124 438 741
300 741 334
268 300 334
886 211 370
982 305 362
32 482 9
305 330 569
1 565 100
686 524 511
438 524 686
524 359 511
129 741 300
524 677 359
632 621 780
268 538 300
359 371 394
129 124 741
621 554 195
27 726 654
394 785 635
371 785 394
785 430 635
661 632 71
838 36 430
722 726 27
722 812 726
565 110 100
726 989 811
538 129 300
692 110 565
590 294 886
305 746 330
677 371 359
811 362 835
883 330 746
989 362 811
886 987 211
982 746 305
692 830 110
316 746 982
692 824 830
838 590 36
830 268 110
989 617 362
830 538 268
824 690 830
364 489 335
982 113 316
124 524 438
211 364 335
621 467 554
690 538 830
294 987 886
554 49 195
294 609 987
736 590 84
838 84 590
364 704 489
736 294 590
989 92 617
962 677 524
690 235 538
953 84 838
987 277 323
124 663 524
987 364 211
786 962 524
609 277 987
617 982 362
785 838 430
726 837 989
700 824 692
197 704 364
722 637 812
663 786 524
989 60 92
837 60 989
479 982 617
851 962 786
704 354 722
354 637 722
479 113 982
690 398 235
197 354 704
233 554 467
799 354 197
150 330 883
323 364 987
980 281 338
150 661 330
726 564 837
812 564 726
38 316 113
92 479 617
533 294 736
38 746 316
82 84 953
129 663 124
371 793 785
663 851 786
150 632 661
467 842 233
119 150 883
400 632 150
637 755 812
962 371 677
412 837 564
824 398 690
663 920 851
970 953 838
595 755 637
166 824 700
129 551 663
38 883 746
168 113 479
755 564 812
84 533 736
38 119 883
970 82 953
793 838 785
754 920 663
235 129 538
793 970 838
168 38 113
354 386 637
609 169 277
400 621 632
235 551 129
895 119 38
532 799 197
920 962 851
551 754 663
700 497 166
532 651 799
824 263 398
386 595 637
38 152 895
804 621 400
804 467 621
84 706 533
497 41 166
82 706 84
166 263 824
754 720 920
169 323 277
755 412 564
822 706 82
699 595 386
970 94 82
94 822 82
799 386 354
168 152 38
651 386 799
412 60 837
282 467 804
60 479 92
962 793 371
822 201 706
282 842 467
720 962 920
364 532 197
41 263 166
533 609 294
822 514 201
398 551 235
269 386 651
163 398 263
163 551 398
962 271 793
412 356 60
975 169 609
532 269 651
533 975 609
720 271 962
192 842 282
247 152 168
39 263 41
174 163 263
356 479 60
497 107 41
192 519 842
39 174 263
356 168 479
356 247 168
78 94 970
94 514 822
346 386 269
346 699 386
107 39 41
551 278 754
706 975 533
119 400 150
699 755 595
506 323 169
506 364 323
706 265 975
519 486 842
506 532 364
25 793 271
328 519 192
39 414 174
278 720 754
262 532 506
699 879 755
486 233 842
345 169 975
660 879 699
13 895 152
169 2 506
412 7 356
94 138 514
879 412 755
793 78 970
788 346 269
13 119 895
271 70 25
346 660 699
247 13 152
554 980 49
879 7 412
191 163 66
191 551 163
844 7 879
78 138 94
7 759 356
414 163 174
191 278 551
469 7 844
201 265 706
804 192 282
169 95 2
345 95 169
312 879 660
265 345 975
400 192 804
202 345 265
278 162 720
759 247 356
262 269 532
451 514 138
312 844 879
2 262 506
119 192 400
162 271 720
39 693 414
25 78 793
451 201 514
345 937 95
262 788 269
414 66 163
668 66 414
685 346 788
693 668 414
627 138 78
451 265 201
138 831 451
162 70 271
633 138 627
191 716 278
759 273 247
202 600 345
328 611 519
600 937 345
451 136 265
136 202 265
89 600 202
536 247 273
107 693 39
162 644 70
685 660 346
968 469 844
640 451 831
312 968 844
716 162 278
611 486 519
536 13 247
685 312 660
66 447 191
220 611 328
992 788 262
136 50 202
568 685 788
633 831 138
568 190 685
191 393 716
447 393 191
50 89 202
312 901 968
640 136 451
716 210 162
13 192 119
992 568 788
633 640 831
107 655 693
190 866 685
630 162 210
136 823 50
668 447 66
627 16 633
667 823 136
234 16 627
866 312 685
644 158 70
738 16 234
158 25 70
592 447 668
693 592 668
78 234 627
705 640 633
158 78 25
95 262 2
16 705 633
276 393 447
16 681 705
158 234 78
133 136 640
133 667 136
937 262 95
13 328 192
495 486 611
937 992 262
469 626 7
957 469 968
957 626 469
768 568 992
901 957 968
655 592 693
50 682 89
866 901 312
337 667 133
901 807 957
630 644 162
626 759 7
484 611 220
759 308 273
640 820 133
705 820 640
393 210 716
630 77 205
823 682 50
732 807 901
682 600 89
205 644 630
308 536 273
565 700 692
866 732 901
957 128 626
579 210 393
626 308 759
459 133 820
13 220 328
611 443 495
484 443 611
902 220 13
276 579 393
459 337 133
902 484 220
210 77 630
443 275 495
775 536 308
12 644 205
592 276 447
681 820 705
586 768 992
158 738 234
807 128 957
579 77 210
568 866 190
56 820 681
974 205 77
597 732 866
413 579 276
279 443 484
216 768 586
12 158 644
937 586 992
13 908 902
128 308 626
16 56 681
579 974 77
974 12 205
487 131 682
653 974 579
536 908 13
823 487 682
15 592 655
322 536 775
568 597 866
682 937 600
56 459 820
937 525 586
667 487 823
337 487 667
768 597 568
592 413 276
360 308 128
902 279 484
653 67 974
240 443 279
682 525 937
961 240 279
702 308 360
702 775 308
67 416 974
416 12 974
147 525 682
131 147 682
702 322 775
225 16 738
413 653 579
225 56 16
374 536 322
773 147 131
374 908 536
379 56 225
158 225 738
374 618 908
903 67 653
912 337 459
379 766 56
525 216 586
912 487 337
881 12 416
10 773 131
360 827 702
702 224 322
15 413 592
487 10 131
903 125 67
766 459 56
828 125 903
413 871 653
871 903 653
902 961 279
827 224 702
216 597 768
167 871 413
275 486 495
125 416 67
464 878 15
807 360 128
125 317 416
908 553 902
766 912 459
914 158 12
915 379 225
317 881 416
914 740 158
553 30 902
8 240 961
740 225 158
881 914 12
618 984 908
888 912 766
30 961 902
512 525 147
984 553 908
51 903 871
878 413 15
878 167 413
530 352 734
240 275 443
352 486 275
203 597 216
177 732 597
525 203 216
51 828 903
871 817 51
740 915 225
30 8 961
224 374 322
240 352 275
240 734 352
773 512 147
405 915 740
878 825 167
825 145 167
177 807 732
51 549 828
615 549 51
395 773 10
376 553 984
912 10 487
655 464 15
177 360 807
694 145 825
912 762 10
762 395 10
817 615 51
549 125 828
154 740 914
360 798 827
167 817 871
395 512 773
694 764 145
296 618 374
798 224 827
360 65 798
154 405 740
177 65 360
549 317 125
379 888 766
990 317 549
145 817 167
30 297 8
379 427 888
296 984 618
935 297 30
764 817 145
762 286 395
249 762 912
615 990 549
379 380 427
817 239 615
601 286 762
553 935 30
232 239 817
888 249 912
376 935 553
915 380 379
255 65 177
462 817 764
750 203 619
750 597 203
286 512 395
8 734 240
750 177 597
878 88 825
239 990 615
462 232 817
565 497 700
224 296 374
453 881 317
88 694 825
296 376 984
878 832 88
512 203 525
990 453 317
464 832 878
427 249 888
143 935 376
453 914 881
249 601 762
249 945 601
541 65 255
297 734 8
453 154 914
297 530 734
750 255 177
963 405 154
558 297 935
721 694 88
721 764 694
221 945 249
296 143 376
664 764 721
664 462 764
990 796 453
218 448 832
601 610 286
610 512 286
464 218 832
324 796 990
143 558 935
832 721 88
405 380 915
796 222 453
255 997 541
750 997 255
448 721 832
791 558 143
945 610 601
464 938 218
239 324 990
998 224 798
419 206 619
222 154 453
721 378 664
206 750 619
998 296 224
252 721 448
218 252 448
203 419 619
222 963 154
222 153 963
153 20 963
327 512 610
963 380 405
945 148 610
249 494 221
810 380 963
65 998 798
749 239 232
427 494 249
816 143 296
810 934 380
148 327 610
462 749 232
297 593 530
252 378 721
20 810 963
749 324 239
816 791 143
380 494 427
664 749 462
221 148 945
296 19 816
750 744 997
221 513 148
494 513 221
206 744 750
512 419 203
580 378 252
361 513 494
810 415 934
998 19 296
283 494 380
283 361 494
324 222 796
934 283 380
449 541 997
378 749 664
545 449 997
449 65 541
816 257 791
327 419 512
744 545 997
361 272 513
399 20 153
212 297 558
218 580 252
390 153 222
324 390 222
605 367 378
580 605 378
307 390 324
749 307 324
212 593 297
631 218 938
631 580 218
449 998 65
426 816 19
426 257 816
367 749 378
327 887 419
887 862 419
390 399 153
403 361 283
361 18 272
399 810 20
403 18 361
509 665 998
782 206 419
862 782 419
399 344 810
96 791 257
449 509 998
782 744 206
612 513 272
96 558 791
344 415 810
96 212 558
800 18 403
264 545 744
622 148 513
612 622 513
665 19 998
344 847 415
540 367 605
415 283 934
578 782 862
18 612 272
367 930 749
399 69 344
800 336 18
261 744 782
261 264 744
161 887 327
257 186 96
96 911 212
580 540 605
390 397 399
622 327 148
161 641 887
336 612 18
887 578 862
622 161 327
367 292 930
641 578 887
540 292 367
574 397 390
580 603 540
426 186 257
631 859 580
847 283 415
930 307 749
665 426 19
434 264 261
859 603 580
397 69 399
215 603 859
665 157 426
535 283 847
189 578 641
105 540 603
307 574 390
426 501 186
535 403 283
578 261 782
69 847 344
434 947 264
179 96 186
535 800 403
307 539 574
107 464 655
105 292 540
930 436 307
658 434 261
947 545 264
501 179 186
539 629 574
436 539 307
629 397 574
578 658 261
641 770 189
179 911 96
947 449 545
157 501 426
215 105 603
770 425 189
449 608 509
930 341 436
292 341 930
425 578 189
161 770 641
212 946 593
463 341 292
161 562 770
425 658 578
105 463 292
562 425 770
608 665 509
789 336 800
535 789 800
965 105 215
501 33 179
33 911 179
947 608 449
859 965 215
336 315 612
911 946 212
315 622 612
529 665 608
877 69 397
236 946 911
954 33 501
996 946 236
951 965 859
434 873 947
631 951 859
629 877 397
529 157 665
157 954 501
951 559 965
69 535 847
789 315 336
658 873 434
529 213 157
161 790 562
707 436 341
213 954 157
463 707 341
877 535 69
315 161 622
251 213 529
790 425 562
608 836 529
555 593 946
315 868 161
493 658 425
535 266 789
213 424 954
180 266 535
658 237 873
873 608 947
790 958 425
958 493 425
958 227 493
868 790 161
629 941 877
33 236 911
739 555 946
33 52 236
996 739 946
941 298 877
0 298 941
836 251 529
965 463 105
493 237 658
315 882 868
377 958 790
868 377 790
877 180 535
629 956 941
965 304 463
868 894 377
873 836 608
539 956 629
707 539 436
164 33 954
873 572 836
834 572 873
709 789 266
213 431 424
965 753 304
707 141 539
141 956 539
424 964 954
964 164 954
676 463 304
559 753 965
676 707 463
164 52 33
891 141 707
52 996 236
873 231 834
251 431 213
803 164 964
797 572 834
634 676 304
806 392 739
543 753 559
858 739 996
180 709 266
298 180 877
753 634 304
237 231 873
858 806 739
572 924 836
983 797 834
0 363 298
951 543 559
485 493 227
231 983 834
52 858 996
483 424 431
483 964 424
298 670 180
164 214 52
958 485 227
924 251 836
983 259 797
956 0 941
363 670 298
485 237 493
392 555 739
894 958 377
913 670 363
134 0 956
57 634 753
531 634 57
326 363 0
134 326 0
478 789 709
900 913 363
478 315 789
868 587 894
321 956 141
543 57 753
326 900 363
572 181 924
107 938 464
707 122 891
783 180 670
259 572 797
891 321 141
676 122 707
173 543 951
882 587 868
259 181 572
321 134 956
483 803 964
783 709 180
662 122 676
251 99 431
925 164 803
57 446 531
164 899 214
747 315 478
634 662 676
747 882 315
925 899 164
671 670 913
99 483 431
214 858 52
925 893 899
875 483 99
165 924 181
840 858 214
875 523 483
237 381 231
783 478 709
958 172 485
900 671 913
93 840 214
531 662 634
924 99 251
142 259 983
784 237 485
900 588 671
784 381 237
840 256 858
671 783 670
662 389 122
894 172 958
389 921 122
899 93 214
806 604 392
858 604 806
924 329 99
921 891 122
231 142 983
483 925 803
165 329 924
921 321 891
671 342 783
43 747 478
43 21 747
172 784 485
543 446 57
747 198 882
587 172 894
921 936 321
446 662 531
256 604 858
381 142 231
342 478 783
900 849 588
43 109 21
358 43 478
326 849 900
689 729 784
342 358 478
198 587 882
523 925 483
142 181 259
389 582 921
21 198 747
927 582 389
172 689 784
729 381 784
604 417 392
175 689 172
142 165 181
421 326 134
840 528 256
109 198 21
892 925 523
198 552 587
552 172 587
421 849 326
165 969 329
936 134 321
893 93 899
93 528 840
936 421 134
725 389 662
725 927 389
543 714 446
173 714 543
417 555 392
32 505 482
329 875 99
155 662 446
552 175 172
381 185 142
155 725 662
714 155 446
588 342 671
500 892 523
460 689 175
582 936 921
123 93 893
480 689 460
582 411 936
421 787 849
198 743 552
552 460 175
910 109 43
490 743 198
72 480 460
411 421 936
256 973 604
528 973 256
925 123 893
892 123 925
875 500 523
420 381 729
421 372 787
689 420 729
358 910 43
72 54 480
480 226 689
173 845 714
226 420 689
165 428 969
123 528 93
675 155 714
420 185 381
604 339 417
973 339 604
339 731 417
325 420 226
743 542 552
542 460 552
845 675 714
329 500 875
910 198 109
80 808 185
173 219 845
325 287 420
219 477 845
54 226 480
185 165 142
969 500 329
358 3 910
933 155 675
976 226 54
349 339 973
428 500 969
542 72 460
420 80 185
910 490 198
428 515 500
72 944 54
510 528 123
976 325 226
942 411 582
944 976 54
165 402 428
274 845 477
274 675 845
542 441 72
3 59 910
441 944 72
185 402 165
80 310 808
910 97 490
927 942 582
287 80 420
411 372 421
59 97 910
787 588 849
808 402 185
508 155 933
725 942 927
846 508 933
508 725 155
310 402 808
302 510 123
402 474 428
423 596 59
3 423 59
342 606 358
725 909 942
104 423 3
892 302 123
606 3 358
474 515 428
515 892 500
474 708 515
325 439 287
274 933 675
672 490 97
515 853 892
708 853 515
510 973 528
606 104 3
853 302 892
588 606 342
976 439 325
219 274 477
596 97 59
474 981 708
787 606 588
508 909 725
672 743 490
31 973 510
31 349 973
787 102 606
672 542 743
439 80 287
981 853 708
274 846 933
942 372 411
596 672 97
944 439 976
302 31 510
102 104 606
349 731 339
372 102 787
423 672 596
439 310 80
555 530 593
441 439 944
853 31 302
631 173 951
672 441 542
565 107 497
942 102 372
909 102 942
102 423 104
846 909 508
439 402 310
439 474 402
31 731 349
672 439 441
439 981 474
102 672 423
555 352 530
417 352 555
938 173 631
981 31 853
352 233 486
599 505 32
107 173 938
352 554 233
565 173 107
554 281 980
417 554 352
102 439 672
505 565 1
102 981 439
102 31 981
505 173 565
505 219 173
