37 18 88
27 88 63
28 27 63
75 31 18
37 75 18
76 37 88
15 6 9
95 88 27
9 14 63
10 76 88
6 33 9
18 86 93
31 86 18
21 37 76
5 28 63
14 5 63
95 10 88
28 48 27
33 14 9
48 95 27
56 75 37
21 56 37
48 62 95
10 21 76
97 5 14
5 48 28
3 14 33
99 6 15
49 75 56
17 49 56
3 97 14
49 31 75
2 39 3
49 86 31
62 10 95
6 3 33
43 62 48
39 97 3
21 17 56
6 2 3
5 82 48
82 43 48
54 93 86
62 94 10
23 17 21
17 77 49
81 5 97
81 82 5
10 23 21
2 64 39
43 94 62
94 23 10
99 98 6
26 98 99
98 2 6
78 64 2
49 54 86
98 78 2
12 93 54
39 81 97
23 77 17
77 54 49
23 58 77
64 81 39
15 26 99
55 98 26
77 92 54
92 12 54
58 92 77
92 84 12
36 73 64
78 36 64
73 81 64
13 94 43
82 13 43
69 13 82
81 69 82
23 59 58
98 36 78
38 84 92
41 98 55
94 59 23
36 79 73
41 36 98
13 59 94
59 92 58
80 13 69
73 69 81
38 89 84
22 92 59
22 38 92
52 89 38
13 50 59
30 36 41
15 55 26
30 79 36
22 52 38
72 34 50
50 22 59
50 57 22
69 40 80
73 40 69
52 70 89
79 40 73
70 84 89
34 57 50
34 87 57
13 72 50
80 72 13
57 52 22
7 57 87
19 40 79
11 70 52
57 11 52
35 87 34
42 7 87
72 35 34
30 19 79
7 11 57
35 42 87
32 19 30
67 11 7
42 67 7
60 19 32
20 11 16
47 11 67
47 16 11
72 1 35
80 91 72
91 1 72
40 91 80
20 70 11
1 42 35
71 67 42
1 71 42
40 8 91
8 68 91
32 61 60
8 29 68
19 8 40
71 47 67
47 20 16
60 8 19
90 32 30
20 53 45
1 0 71
47 53 20
61 8 60
46 68 29
90 61 32
41 90 30
55 90 41
8 46 29
71 53 47
46 91 68
45 70 20
4 51 0
90 65 61
65 25 61
91 0 1
25 8 61
0 53 71
51 53 0
51 83 53
46 0 91
46 4 0
65 24 25
46 96 4
25 46 8
4 66 51
96 66 4
85 46 25
74 83 51
46 44 96
24 85 25
66 74 51
83 45 53
44 66 96
85 44 46
44 74 66
65 85 24
85 74 44
70 12 84
