166 74 1 74 394 1 394 105 1 105 431 1 431 406 1 74 39 0 166 121 0 74 326 0 326 78 1 78 277 0 121 70 0 70 439 1 439 32 1 78 317 0 317 210 0 210 420 0 420 304 0 304 421 0 421 229 1 229 267 1 267 309 1 309 391 1 229 165 0 391 403 0 403 434 0 434 270 1 434 4 0 4 192 1 192 225 0 225 116 0 116 404 1 116 107 0 192 379 1 379 449 0 192 73 1 73 292 0 107 373 1 373 254 1 254 301 3 254 187 0 187 91 1 91 155 0 91 164 0 91 299 1 299 102 0 102 476 1 299 190 1 190 311 0 476 222 0 311 295 1 295 157 0 403 436 1 102 419 0 449 227 0 227 50 0 373 43 1 43 41 1 41 66 0 41 125 0 125 160 1 160 428 0 428 189 1 189 425 1 157 398 1 398 467 0 467 280 1 280 490 0 280 464 1 464 355 1 355 393 0 393 259 0 393 235 0 235 462 0 235 111 0 111 356 0 464 46 1 46 497 0 497 338 0 338 303 0 303 486 0 486 388 1 388 440 0 303 228 0 497 71 0 71 466 0 466 238 1 466 149 1 149 234 0 149 108 1 238 208 1 228 113 1 228 378 0 208 54 0 54 233 0 165 316 0 316 417 0 431 438 0 438 184 0 184 278 1 278 268 0 278 106 0 268 376 1 376 323 1 323 36 0 378 330 1 330 29 0 29 400 1 400 152 0 152 324 0 324 193 1 193 478 0 478 455 0 455 85 1 85 347 0 347 441 1 441 353 1 353 319 0 324 92 0 92 493 0 493 146 1 146 97 1 97 2 0 97 56 1 56 183 1 183 318 1 318 359 1 183 257 0 257 120 0 257 211 0 211 334 0 334 346 1 346 101 0 101 224 0 224 115 0 334 181 1 115 487 0 487 57 1 57 253 1 253 38 0 38 98 0 98 271 0 98 396 0 271 484 0 484 372 1 372 458 1 458 416 0 57 333 0 333 201 1 201 241 1 241 491 1 201 335 0 335 410 1 410 25 1 57 285 0 285 262 0 285 199 1 262 40 1 40 282 1 282 422 1 422 329 0 329 363 0 363 350 0 350 473 0 282 351 1 351 81 1 351 9 1 9 188 1 188 53 1 40 246 0 246 339 1 339 202 0 202 269 0 269 142 1 142 495 0 495 177 1 177 93 0 495 348 1 348 80 1 93 173 1 142 263 0 263 342 1 342 469 0 9 205 1 339 3 1 410 310 0 310 44 1 44 471 1 471 477 0 477 306 0 471 369 1 306 247 1 247 409 1 409 448 0 448 296 1 120 122 0 122 49 0 350 407 0 407 481 1 36 61 0 61 16 0 16 212 1 212 276 0 276 176 1 176 331 1 331 231 1 231 397 0 397 451 1 231 12 0 12 175 1 451 274 0 274 22 1 175 100 0 274 261 1 276 384 0 61 284 0 284 124 0 316 17 0 17 137 0 137 320 1 46 232 1 292 156 1 93 258 0 258 118 1 118 250 1 92 377 0 425 294 0 294 20 1 417 134 1 134 237 1 134 45 0 45 24 1 24 141 1 141 119 1 119 387 1 141 220 1 220 162 0 162 442 1 442 352 0 141 321 1 321 472 0 472 371 1 371 64 0 472 336 1 336 405 0 405 411 1 411 13 0 411 452 0 452 239 0 336 385 1 239 488 1 488 249 0 488 498 0 498 474 0 438 27 1 27 390 0 390 236 0 236 191 1 236 52 0 52 48 0 48 168 0 48 182 0 182 221 1 182 283 1 283 297 1 297 112 1 297 364 1 364 58 1 58 140 1 364 34 1 221 408 0 34 256 0 256 426 1 426 344 1 344 245 0 245 28 0 28 133 0 133 14 1 245 154 0 154 203 0 154 327 0 327 437 1 437 55 1 14 200 1 200 37 1 34 412 0 276 293 0 293 8 1 8 275 1 275 281 0 281 361 0 361 291 1 275 77 3 14 204 1 204 308 2 308 402 0 402 444 1 402 360 1 360 128 1 128 69 0 308 325 0 325 47 1 47 445 0 445 179 1 445 163 0 179 83 1 83 217 1 83 42 0 42 82 1 82 389 1 389 279 1 279 59 1 59 172 0 172 468 1 468 300 0 360 499 0 499 170 1 170 110 0 170 265 0 265 382 0 110 500 0 500 375 1 375 368 0 368 314 0 128 240 0 240 84 0 240 483 1 483 171 1 42 138 0 138 251 1 251 95 1 171 302 0 302 358 0 358 380 1 380 198 0 95 370 1 370 207 0 380 216 1 216 475 1 475 215 1 215 90 0 90 87 0 87 252 1 87 414 0 414 413 0 413 260 0 413 457 1 457 460 1 460 433 1 433 459 1 459 219 1 459 288 1 288 248 0 248 454 1 454 432 1 432 158 1 219 366 1 366 349 1 349 148 0 349 242 0 242 26 1 26 131 0 26 30 1 30 289 1 260 341 1 341 287 0 287 23 1 23 357 0 357 479 1 479 290 0 290 67 1 67 374 0 374 446 1 479 130 0 446 244 0 244 21 0 21 226 0 374 88 0 88 492 1 88 5 0 5 332 0 332 415 0 415 494 0 244 7 0 7 104 0 226 123 1 123 75 0 75 63 1 494 298 0 298 470 0 470 392 0 392 60 0 392 65 0 65 345 0 65 423 0 423 465 1 465 230 0 230 337 0 337 147 1 423 151 0 147 450 0 450 381 0 381 315 0 315 399 0 399 196 1 196 132 1 315 255 0 196 72 1 315 18 1 72 365 0 132 395 1 60 328 0 328 10 0 10 51 1 51 86 1 86 89 1 86 264 1 264 135 0 264 209 1 89 150 0 10 197 0 423 1 1 395 136 1 136 496 1 136 489 1 489 169 1 169 354 1 354 185 1 131 266 0 266 117 1 117 461 1 461 33 0 33 453 1 461 186 1 117 19 1 300 96 1 96 305 1 96 480 0 480 362 1 362 145 0 145 424 0 424 167 1 167 195 1 195 343 1 343 109 0 109 180 1 289 62 1 110 273 0 273 159 1 159 427 0 427 443 0 226 127 0 84 153 0 334 435 0 319 143 1 143 485 1 143 15 1 15 482 0 482 161 1 161 129 0 15 447 0 129 11 0 11 340 1 485 383 0 383 463 0 463 144 1 463 76 1 173 139 1 139 223 0 180 206 1 133 31 0 31 286 0 286 213 0 61 456 0 456 313 1 313 243 0 456 322 1 322 174 0 174 218 0 218 79 1 77 114 0 114 99 0 99 367 0 367 307 0 367 214 0 62 194 0 194 6 1 6 312 1 312 94 0 341 68 0 93 103 0 94 35 0 70 178 0 178 126 0 126 401 0 178 418 1 418 386 0 319 430 0 430 429 1 135 272 0 
156186.000000
500
1 156186.000000
2 156186.000000
3 156186.000000
4 156186.000000
5 156186.000000
6 156186.000000
7 156186.000000
8 156186.000000
9 156186.000000
10 156186.000000
11 156186.000000
12 156186.000000
13 156186.000000
14 156186.000000
15 156186.000000
16 156186.000000
17 156186.000000
18 156186.000000
19 156186.000000
20 156186.000000
21 156186.000000
22 156186.000000
23 156186.000000
24 156186.000000
25 156186.000000
26 156186.000000
27 156186.000000
28 156186.000000
29 156186.000000
30 156186.000000
31 156186.000000
32 156186.000000
33 156186.000000
34 156186.000000
35 156186.000000
36 156186.000000
37 156186.000000
38 156186.000000
39 156186.000000
40 156186.000000
41 156186.000000
42 156186.000000
43 156186.000000
44 156186.000000
45 156186.000000
46 156186.000000
47 156186.000000
48 156186.000000
49 156186.000000
50 156186.000000
51 156186.000000
52 156186.000000
53 156186.000000
54 156186.000000
55 156186.000000
56 156186.000000
57 156186.000000
58 156186.000000
59 156186.000000
60 156186.000000
61 156186.000000
62 156186.000000
63 156186.000000
64 156186.000000
65 156186.000000
66 156186.000000
67 156186.000000
68 156186.000000
69 156186.000000
70 156186.000000
71 156186.000000
72 156186.000000
73 156186.000000
74 156186.000000
75 156186.000000
76 156186.000000
77 156186.000000
78 156186.000000
79 156186.000000
80 156186.000000
81 156186.000000
82 156186.000000
83 156186.000000
84 156186.000000
85 156186.000000
86 156186.000000
87 156186.000000
88 156186.000000
89 156186.000000
90 156186.000000
91 156186.000000
92 156186.000000
93 156186.000000
94 156186.000000
95 156186.000000
96 156186.000000
97 156186.000000
98 156186.000000
99 156186.000000
100 156186.000000
101 156186.000000
102 156186.000000
103 156186.000000
104 156186.000000
105 156186.000000
106 156186.000000
107 156186.000000
108 156186.000000
109 156186.000000
110 156186.000000
111 156186.000000
112 156186.000000
113 156186.000000
114 156186.000000
115 156186.000000
116 156186.000000
117 156186.000000
118 156186.000000
119 156186.000000
120 156186.000000
121 156186.000000
122 156186.000000
123 156186.000000
124 156186.000000
125 156186.000000
126 156186.000000
127 156186.000000
128 156186.000000
129 156186.000000
130 156186.000000
131 156186.000000
132 156186.000000
133 156186.000000
134 156186.000000
135 156186.000000
136 156186.000000
137 156186.000000
138 156186.000000
139 156186.000000
140 156186.000000
141 156186.000000
142 156186.000000
143 156186.000000
144 156186.000000
145 156186.000000
146 156186.000000
147 156186.000000
148 156186.000000
149 156186.000000
150 156186.000000
151 156186.000000
152 156186.000000
153 156186.000000
154 156186.000000
155 156186.000000
156 156186.000000
157 156186.000000
158 156186.000000
159 156186.000000
160 156186.000000
161 156186.000000
162 156186.000000
163 156186.000000
164 156186.000000
165 156186.000000
166 156186.000000
167 156186.000000
168 156186.000000
169 156186.000000
170 156186.000000
171 156186.000000
172 156186.000000
173 156186.000000
174 156186.000000
175 156186.000000
176 156186.000000
177 156186.000000
178 156186.000000
179 156186.000000
180 156186.000000
181 156186.000000
182 156186.000000
183 156186.000000
184 156186.000000
185 156186.000000
186 156186.000000
187 156186.000000
188 156186.000000
189 156186.000000
190 156186.000000
191 156186.000000
192 156186.000000
193 156186.000000
194 156186.000000
195 156186.000000
196 156186.000000
197 156186.000000
198 156186.000000
199 156186.000000
200 156186.000000
201 156186.000000
202 156186.000000
203 156186.000000
204 156186.000000
205 156186.000000
206 156186.000000
207 156186.000000
208 156186.000000
209 156186.000000
210 156186.000000
211 156186.000000
212 156186.000000
213 156186.000000
214 156186.000000
215 156186.000000
216 156186.000000
217 156186.000000
218 156186.000000
219 156186.000000
220 156186.000000
221 156186.000000
222 156186.000000
223 156186.000000
224 156186.000000
225 156186.000000
226 156186.000000
227 156186.000000
228 156186.000000
229 156186.000000
230 156186.000000
231 156186.000000
232 156186.000000
233 156186.000000
234 156186.000000
235 156186.000000
236 156186.000000
237 156186.000000
238 156186.000000
239 156186.000000
240 156186.000000
241 156186.000000
242 156186.000000
243 156186.000000
244 156186.000000
245 156186.000000
246 156186.000000
247 156186.000000
248 156186.000000
249 156186.000000
250 156186.000000
251 156186.000000
252 156186.000000
253 156186.000000
254 156186.000000
255 156186.000000
256 156186.000000
257 156186.000000
258 156186.000000
259 156186.000000
260 156186.000000
261 156186.000000
262 156186.000000
263 156186.000000
264 156186.000000
265 156186.000000
266 156186.000000
267 156186.000000
268 156186.000000
269 156186.000000
270 156186.000000
271 156186.000000
272 156186.000000
273 156186.000000
274 156186.000000
275 156186.000000
276 156186.000000
277 156186.000000
278 156186.000000
279 156186.000000
280 156186.000000
281 156186.000000
282 156186.000000
283 156186.000000
284 156186.000000
285 156186.000000
286 156186.000000
287 156186.000000
288 156186.000000
289 156186.000000
290 156186.000000
291 156186.000000
292 156186.000000
293 156186.000000
294 156186.000000
295 156186.000000
296 156186.000000
297 156186.000000
298 156186.000000
299 156186.000000
300 156186.000000
301 156186.000000
302 156186.000000
303 156186.000000
304 156186.000000
305 156186.000000
306 156186.000000
307 156186.000000
308 156186.000000
309 156186.000000
310 156186.000000
311 156186.000000
312 156186.000000
313 156186.000000
314 156186.000000
315 156186.000000
316 156186.000000
317 156186.000000
318 156186.000000
319 156186.000000
320 156186.000000
321 156186.000000
322 156186.000000
323 156186.000000
324 156186.000000
325 156186.000000
326 156186.000000
327 156186.000000
328 156186.000000
329 156186.000000
330 156186.000000
331 156186.000000
332 156186.000000
333 156186.000000
334 156186.000000
335 156186.000000
336 156186.000000
337 156186.000000
338 156186.000000
339 156186.000000
340 156186.000000
341 156186.000000
342 156186.000000
343 156186.000000
344 156186.000000
345 156186.000000
346 156186.000000
347 156186.000000
348 156186.000000
349 156186.000000
350 156186.000000
351 156186.000000
352 156186.000000
353 156186.000000
354 156186.000000
355 156186.000000
356 156186.000000
357 156186.000000
358 156186.000000
359 156186.000000
360 156186.000000
361 156186.000000
362 156186.000000
363 156186.000000
364 156186.000000
365 156186.000000
366 156186.000000
367 156186.000000
368 156186.000000
369 156186.000000
370 156186.000000
371 156186.000000
372 156186.000000
373 156186.000000
374 156186.000000
375 156186.000000
376 156186.000000
377 156186.000000
378 156186.000000
379 156186.000000
380 156186.000000
381 156186.000000
382 156186.000000
383 156186.000000
384 156186.000000
385 156186.000000
386 156186.000000
387 156186.000000
388 156186.000000
389 156186.000000
390 156186.000000
391 156186.000000
392 156186.000000
393 156186.000000
394 156186.000000
395 156186.000000
396 156186.000000
397 156186.000000
398 156186.000000
399 156186.000000
400 156186.000000
401 156186.000000
402 156186.000000
403 156186.000000
404 156186.000000
405 156186.000000
406 156186.000000
407 156186.000000
408 156186.000000
409 156186.000000
410 156186.000000
411 156186.000000
412 156186.000000
413 156186.000000
414 156186.000000
415 156186.000000
416 156186.000000
417 156186.000000
418 156186.000000
419 156186.000000
420 156186.000000
421 156186.000000
422 156186.000000
423 156186.000000
424 156186.000000
425 156186.000000
426 156186.000000
427 156186.000000
428 156186.000000
429 156186.000000
430 156186.000000
431 156186.000000
432 156186.000000
433 156186.000000
434 156186.000000
435 156186.000000
436 156186.000000
437 156186.000000
438 156186.000000
439 156186.000000
440 156186.000000
441 156186.000000
442 156186.000000
443 156186.000000
444 156186.000000
445 156186.000000
446 156186.000000
447 156186.000000
448 156186.000000
449 156186.000000
450 156186.000000
451 156186.000000
452 156186.000000
453 156186.000000
454 156186.000000
455 156186.000000
456 156186.000000
457 156186.000000
458 156186.000000
459 156186.000000
460 156186.000000
461 156186.000000
462 156186.000000
463 156186.000000
464 156186.000000
465 156186.000000
466 156186.000000
467 156186.000000
468 156186.000000
469 156186.000000
470 156186.000000
471 156186.000000
472 156186.000000
473 156186.000000
474 156186.000000
475 156186.000000
476 156186.000000
477 156186.000000
478 156186.000000
479 156186.000000
480 156186.000000
481 156186.000000
482 156186.000000
483 156186.000000
484 156186.000000
485 156186.000000
486 156186.000000
487 156186.000000
488 156186.000000
489 156186.000000
490 156186.000000
491 156186.000000
492 156186.000000
493 156186.000000
494 156186.000000
495 156186.000000
496 156186.000000
497 156186.000000
498 156186.000000
499 156186.000000
500 156186.000000