10
1857	2738
2894	8773
1463	5183
6905	8268
3221	2457
3473	730
2983	4045
5486	5208
815	6755
1875	934

21143


0	8	7	1	7	5	3	5	1	2	1	10	3	10	6	1	7	3	0	3	9	1	9	2	1	8	4	0	19817.6673760387
0	4	8	1	8	7	1	7	5	3	5	1	2	1	10	3	10	6	1	7	3	0	3	9	1	9	2	1	19817.6673760387
0	7	5	3	5	1	2	1	10	3	10	6	0	7	3	0	3	9	1	7	8	0	9	2	1	8	4	1	19817.6673760387
0	5	1	2	1	10	3	10	6	0	5	7	2	7	3	1	3	9	1	7	8	0	9	2	0	8	4	1	19817.6673760387
0	9	3	0	3	7	1	7	5	3	5	1	2	1	10	3	10	6	1	7	8	0	9	2	1	8	4	1	19817.6673760387
