10
660 416
715 650
725 650
600 663
630 663
705 676
610 689
620 689
655 702
750 767
32
635 767 645 806
750 767 760 806
600 754 630 793
665 754 675 793
705 754 725 793
655 715 665 741
610 702 630 728
655 702 675 715
690 702 700 715
600 689 640 702
705 689 715 715
705 676 735 689
680 676 690 689
600 663 610 689
630 663 640 689
715 650 735 676
625 585 635 598
675 559 685 572
700 559 710 572
700 533 710 546
650 520 660 533
665 520 675 533
645 481 655 494
660 481 670 494
745 481 765 546
685 468 735 507
665 455 735 468
675 442 735 455
750 429 760 468
675 429 685 442
720 403 730 429
595 416 625 481
