10
340 260
300 312
350 312
340 325
310 351
655 351
330 364
430 364
345 390
410 403
50
410 429 420 442
575 416 625 455
505 416 525 429
345 416 355 429
455 403 465 416
555 403 565 429
400 403 420 429
495 390 525 416
545 390 575 403
345 390 365 416
400 390 410 403
535 377 555 390
495 377 505 390
565 377 575 390
355 377 365 390
455 364 465 377
535 364 575 377
510 364 520 377
330 364 340 403
430 364 440 403
310 364 320 390
535 351 545 364
310 351 330 364
340 351 350 364
555 338 565 364
320 325 360 351
420 325 430 364
575 312 585 351
465 312 515 351
525 312 535 325
300 312 310 351
365 312 415 377
330 312 340 325
350 312 360 325
540 299 550 338
595 299 605 338
455 286 515 312
435 273 465 286
555 286 565 325
520 273 540 286
530 286 540 299
510 260 540 273
510 247 530 260
470 260 480 273
310 286 330 312
310 273 350 286
330 260 350 273
360 260 370 299
340 286 350 299
330 247 340 260
