200
2723 6557
1103 9458
9802 1248
5643 87
4316 5698
6701 7030
151 2141
2350 80
1769 6851
6116 2582
4378 8439
1190 9274
2639 392
5779 5728
6586 2554
1475 2527
9548 1419
6420 5446
4283 375
1906 2180
6132 6297
4710 4713
9011 5817
4193 945
2442 1522
8563 8230
9674 8451
960 8935
3171 7047
242 9578
9250 321
9754 2764
2863 956
7810 609
7235 3362
1886 9441
4867 7615
1975 5428
1969 7989
5666 5059
7873 1614
1583 4386
8465 7791
6980 4643
6894 5280
9748 6482
8749 1349
8600 7751
461 1421
1774 4899
233 4285
1347 91
65 8240
4065 9703
1589 9819
518 2370
3280 9278
3916 5053
9449 4390
6842 6929
2221 1918
6473 9648
5471 8479
289 7082
8938 66
2594 2427
6797 3921
4649 3804
1214 4907
3769 2833
8669 683
3588 7995
7806 9726
9777 9159
2181 5466
5402 8304
2017 823
6985 3356
4824 7445
9310 6990
1734 5588
9058 1668
1068 7474
7100 9931
1990 2946
7505 1902
3261 7160
8174 5711
1755 4806
5964 3584
468 6965
5282 7166
1204 166
1626 4673
2681 5008
4128 6058
2810 9567
1981 9732
5241 5912
7993 652
8439 6941
6011 4615
6752 2758
5803 51
8454 2399
5111 7480
1017 1100
3411 8150
6065 4894
2866 5714
2037 6620
6646 9217
6774 5847
7167 2934
8373 4957
5862 7046
2137 7820
743 9086
156 1191
4850 3528
384 9375
6009 8548
475 5540
6697 1516
3894 3753
5917 9238
7621 3081
3386 7122
6585 2351
858 4741
1481 6226
459 594
6042 2668
7941 3458
9770 1776
6450 1457
9943 384
6671 157
2002 979
1213 3057
358 9319
6824 6269
2824 7006
3422 5433
8410 266
5098 3799
5379 2825
3858 6306
9554 1478
2399 1732
4043 1009
6334 6553
6258 3115
20 6500
7688 5615
2583 9571
8066 9647
947 8092
9054 9904
9707 328
6295 6089
1978 2865
251 7936
2949 2231
5646 4043
94 1841
218 1044
2687 4311
5574 3550
6158 1431
4390 9172
8861 2745
9813 5870
4088 2617
9568 2896
213 5768
8987 7809
7591 2929
5017 4103
7434 9364
1669 5074
4914 6622
62 7902
7520 7165
1943 9402
1556 5939
4424 5710
3988 4936
839 5130
6557 8089
4067 4946
9274 9006
3938 3560
2076 994
8521 4020
4426 1426
9637 9561
4626 567
4147 4193
195 1395


800
7578 8474 8032 8702
3727 1448 3927 1859
3894 4473 4383 4935
139 523 155 811
5915 815 6020 1251
2271 4833 2543 5110
9768 4728 9966 5116
2351 5585 2563 5725
1146 6316 1479 6505
605 4371 689 4646
7558 6270 7895 6601
9591 9896 9820 9947
5649 559 5749 835
2318 762 2425 854
1018 8009 1307 8383
2863 1521 3221 1582
776 984 905 1206
6129 3743 6273 3861
2188 46 2223 311
7045 2944 7483 3163
7910 5133 8028 5415
3290 2140 3367 2522
1267 725 1370 1192
2985 1032 3402 1055
4665 544 5088 773
417 7995 493 8394
8327 8667 8440 9015
2097 8292 2320 8350
9960 1185 9988 1484
4314 3766 4602 4024
8401 1708 8486 1750
504 8604 768 8618
4429 8382 4896 8433
3365 63 3445 552
8501 4304 8521 4476
2004 5798 2225 6274
2458 3008 2793 3227
6480 4409 6683 4790
1888 3860 1952 4303
5092 736 5379 1143
9039 5603 9482 5737
6261 2485 6477 2538
6654 2374 7100 2485
6196 6107 6287 6594
3435 6946 3635 7345
4390 8584 4400 8627
4631 38 4952 208
2030 4578 2097 4627
1457 6963 1549 6987
590 5556 754 5977
4141 7054 4184 7190
9118 2722 9354 2740
3342 5477 3715 5941
8789 1295 8824 1386
5957 4210 6119 4240
1842 939 1871 1334
7122 1627 7393 2014
5747 8274 6015 8383
4239 9680 4537 9712
4337 2122 4437 2389
4149 1230 4264 1331
385 8904 648 9122
36 8416 160 8648
4706 3082 4992 3325
413 5179 562 5398
1619 971 1743 1196
602 2976 1087 3107
3523 6188 3592 6571
8114 9928 8369 9954
1913 3032 2159 3473
7532 9387 7685 9423
9269 9480 9316 9689
5190 7670 5562 8052
1159 1351 1378 1615
9919 6309 9929 6774
39 6062 167 6130
4899 6865 4975 6932
1030 791 1223 1235
2708 4283 3045 4413
3776 5718 4150 5907
3946 8625 4237 8737
1180 9855 1657 9997
5315 4838 5338 5230
7543 3351 7726 3537
8589 3085 8755 3559
8603 2205 8806 2525
8677 1439 8878 1922
5705 1347 6063 1730
5308 9103 5624 9573
6195 8747 6208 9004
8414 779 8851 877
87 3631 262 4083
6093 2876 6155 3138
2653 8808 3009 8904
3386 7425 3424 7594
640 500 842 660
7182 3958 7455 4235
1943 5043 2041 5345
2047 7487 2351 7620
9722 1726 9912 1765
1660 2627 2113 2657
3333 2643 3529 3137
3739 101 4018 163
7441 5711 7682 5898
8540 1161 8888 1282
8766 3751 8848 4154
5498 4543 5546 4748
1150 8486 1595 8541
9957 2948 9982 3351
9646 8972 9709 9267
5190 6640 5525 6662
1229 9288 1299 9460
9389 3025 9582 3118
1210 7175 1327 7457
226 2382 382 2835
7059 851 7145 884
3236 5502 3246 5739
3922 6318 4267 6725
4756 6732 4857 7105
4040 4293 4143 4342
1768 4495 1933 4845
6823 1318 7218 1584
4000 9863 4081 9891
9509 387 9671 526
7539 2646 7869 2866
2579 2672 2913 2721
995 5867 1044 6295
9279 6281 9558 6696
2923 6598 3068 6983
8730 643 8938 742
2180 425 2621 490
1837 7865 1883 8221
1136 5461 1510 5931
9168 7831 9655 7871
9825 8896 9863 9156
3893 2194 4255 2574
5373 8610 5692 8746
6316 6892 6372 7261
2551 8021 2950 8076
6503 5346 6914 5421
2507 7304 2943 7649
6871 8321 7086 8372
4239 516 4618 575
6381 3566 6712 4010
64 3047 422 3463
9597 1997 9989 2441
5179 1544 5444 1731
458 3209 684 3654
5870 241 6021 727
2925 7732 3082 7770
8954 1762 9236 2149
2087 4259 2470 4466
4175 3213 4656 3706
596 6449 686 6845
487 5648 546 5983
2869 9798 3240 9972
781 4426 1250 4575
5250 3487 5569 3701
6598 9804 6695 9972
6084 5514 6474 5954
6021 5191 6208 5492
6677 7942 6923 8317
7027 3238 7201 3692
9500 8547 9816 8557
8660 2559 9153 2614
9081 190 9468 303
8488 5939 8727 6420
7420 254 7829 465
9354 6995 9669 7493
9652 559 9877 758
2821 5879 2948 6166
2545 7868 2686 7995
8802 4776 9192 4955
2053 1327 2381 1413
8950 989 9089 1321
2513 3314 2908 3718
4108 7802 4564 7989
4319 16 4564 412
7357 4564 7761 4618
9644 2788 9781 3074
5155 408 5447 435
6502 8673 6848 8998
846 7738 980 8050
6315 2582 6570 2752
3637 9892 3885 9982
9227 4637 9490 4674
2298 1621 2654 1641
5653 3816 5885 3966
3650 9537 3922 9665
9248 3221 9327 3503
1618 3434 1685 3691
1576 5218 1891 5324
1447 2712 1677 3110
4858 1808 5042 2019
5028 8240 5052 8301
3365 4294 3468 4431
8915 9040 9290 9445
9814 2774 9924 3250
6711 7403 7138 7746
3879 433 4012 493
6691 8472 6797 8653
6555 1441 6734 1461
9915 7056 9942 7075
174 4346 465 4695
2963 1937 3032 2369
5082 2882 5308 3276
679 1857 811 1925
2221 1874 2415 2165
8277 5836 8340 6281
1256 6741 1676 6806
3987 735 4280 797
580 9649 1031 9883
3803 9014 3990 9464
486 6269 600 6422
4035 863 4133 903
2580 9105 2592 9403
125 7073 177 7501
2437 2468 2493 2604
8474 8125 8956 8146
529 7349 795 7511
6831 9680 7161 9906
665 3123 1053 3164
3121 1163 3518 1449
4918 8886 5078 9337
9425 3664 9592 3764
4002 9309 4090 9560
9049 8741 9133 8859
1311 4549 1401 4563
8471 8914 8623 9350
8213 8001 8678 8108
2835 1398 2857 1675
7988 3403 8378 3893
8871 7029 9269 7229
2453 9599 2856 9815
2186 6821 2218 7296
8201 2817 8404 3180
7693 7243 7949 7500
2413 5122 2447 5154
9974 581 9995 956
3711 358 3756 486
3003 9173 3420 9186
1307 7750 1467 7954
2327 6762 2590 7059
6636 5715 6699 6203
5418 7075 5583 7418
5719 9902 6078 9951
9252 8554 9315 8641
2254 5798 2421 6289
4602 4886 4764 5129
7979 3 8279 139
9443 3560 9540 3650
5733 4824 5921 4876
5271 8742 5293 9102
7740 1751 7819 2043
6862 6085 7051 6281
7534 6787 7997 7178
1054 8639 1532 8665
740 1221 977 1653
8548 1474 8622 1609
244 391 361 496
799 6369 842 6859
7416 784 7836 816
7811 6645 8004 6707
445 2296 789 2320
1757 9475 1968 9952
7392 9888 7799 9921
6799 7031 7288 7353
4940 4381 5047 4647
6900 1065 7350 1086
1059 5451 1121 5760
5497 9748 5704 9855
1642 105 2090 540
4471 2769 4805 2990
1427 1205 1611 1639
9671 4101 9691 4452
3952 5217 4269 5494
2751 8403 3169 8500
835 8771 1100 8805
6078 9105 6456 9144
161 6925 468 7040
2486 1501 2556 1578
3059 5506 3080 5553
8902 6475 9150 6662
2944 9650 3244 9682
7088 8769 7564 8855
834 3725 866 4116
1980 9513 2089 9589
6079 7947 6353 8416
6152 4142 6416 4536
7074 7759 7090 7940
571 2746 778 2827
8100 9072 8268 9289
397 4095 529 4255
3382 566 3776 1025
6271 9940 6292 9994
6818 5461 7235 5571
510 2126 758 2279
3490 8230 3647 8598
469 666 624 681
7508 3811 7747 3885
9147 3922 9194 4150
2321 7801 2784 7837
1367 9449 1667 9795
8787 9818 9083 9893
8044 6592 8101 6723
2189 3143 2313 3278
9112 4576 9274 4616
2908 5152 3255 5254
259 1422 568 1730
9781 1398 9949 1463
9914 6162 9993 6231
1348 3188 1499 3520
8923 5934 9056 6404
7642 8194 7720 8372
2453 1297 2530 1338
3248 5000 3268 5104
6677 2651 7111 2712
6246 2217 6351 2358
2717 916 2759 999
4841 2962 4917 3023
21 5530 53 5754
9424 7899 9899 8316
4253 1563 4326 1804
5406 6963 5474 7024
4087 8877 4203 8992
2350 8572 2567 8703
850 7081 1037 7196
5629 2318 6062 2389
1361 2143 1772 2154
3700 6327 3917 6727
3098 8768 3509 9142
6974 2078 7119 2096
2564 6567 2621 6681
48 8823 227 9320
2417 3863 2613 4256
2346 8167 2387 8569
2902 4979 2913 5142
1613 6029 1737 6212
269 28 389 173
1034 106 1130 147
824 9883 1061 9907
9097 959 9380 1317
7000 0 7231 452
409 9865 512 9943
8241 6942 8434 7127
7155 7885 7638 8127
2441 43 2685 204
2914 7140 3129 7287
4169 5556 4242 5608
8403 6586 8577 6661
4841 4463 4904 4836
9453 9974 9571 9996
358 9204 835 9368
7655 7919 7843 8064
1891 8498 2273 8939
432 7537 449 7595
3066 4049 3180 4270
3022 9776 3096 9791
313 2033 471 2158
9432 9620 9547 9949
4982 6048 5064 6368
4346 7394 4762 7531
2461 575 2632 722
5067 4860 5165 5071
8928 5060 9399 5387
634 7511 863 7681
9110 1571 9298 1728
6757 1523 6820 1604
7980 6047 8028 6473
6633 6894 6701 6976
8054 875 8257 982
5035 1280 5169 1333
1964 715 2128 738
4379 1588 4625 2056
1712 1836 2019 1917
1166 5413 1190 5437
5272 1809 5713 1868
4372 5163 4865 5599
8495 8270 8816 8543
3997 7192 4095 7423
1413 5394 1797 5426
5097 6886 5155 7128
2481 2010 2782 2390
7411 1162 7789 1325
7045 4676 7223 5109
5316 5820 5737 6009
2988 3332 3427 3827
5766 1772 6239 2052
5621 7186 5970 7298
2512 8173 2694 8547
1586 8139 1703 8468
3163 2853 3333 2981
8272 7568 8533 7776
5539 8440 5680 8555
9698 1375 9718 1829
7580 2194 7856 2645
3402 1926 3483 2157
1764 2196 2223 2436
663 2356 757 2532
5023 5606 5288 5906
1787 4447 1845 4459
5509 2701 5608 2878
8445 5057 8598 5488
1309 2725 1442 3183
3567 1147 3778 1169
8014 1126 8199 1445
878 8590 1357 8609
3992 936 4127 978
8010 744 8180 873
4619 7852 4732 8275
4857 6971 5052 7440
2021 3825 2091 3878
9329 8613 9424 8965
176 1757 284 1884
102 6132 584 6160
6951 9375 7006 9474
4241 9372 4477 9407
6629 2921 6961 3395
78 5232 88 5568
8147 3970 8400 4333
8464 4567 8597 4707
1113 2386 1378 2432
6215 6835 6264 7296
5678 7577 5904 7841
9442 650 9652 786
2842 990 2937 1396
5853 6252 6040 6742
5916 3874 6335 3922
1523 5635 1932 5763
6337 712 6623 977
8806 7299 8995 7604
5977 4742 6257 4775
4289 9001 4645 9031
7990 1492 8221 1673
2186 9452 2299 9809
9499 2036 9572 2098
7745 5549 8034 5698
57 9949 209 9971
2698 9266 2804 9581
6785 6101 6855 6269
928 246 1058 430
51 1212 456 1267
8394 7152 8672 7273
7356 1376 7571 1602
8709 7680 8818 7887
2571 6285 3036 6346
9485 146 9585 220
9911 2493 9968 2766
8856 4213 8929 4400
4783 6002 4804 6225
9944 1549 9966 1674
2110 1491 2303 1517
76 7566 220 7740
9976 5773 9997 5920
3807 4509 3878 4698
5244 531 5479 647
6387 634 6543 676
8080 7630 8144 8069
2025 7928 2188 8199
2801 3749 2829 4013
7525 590 7570 762
8412 1302 8481 1577
7487 1904 7727 1985
6333 9146 6369 9233
3605 2097 3908 2141
6379 9258 6476 9358
8215 5702 8542 5754
3318 572 3340 647
7916 1960 8129 2446
3637 4337 3934 4414
7605 5285 7839 5491
1749 2856 1781 3288
8201 5102 8366 5257
6313 6271 6539 6285
9964 6455 9978 6685
7609 914 8048 1043
2416 1843 2721 1979
5353 2128 5504 2476
918 7494 1143 7562
166 8364 395 8454
7411 9597 7429 9629
1883 9096 2086 9109
5387 6409 5434 6471
5587 6669 5765 6816
1153 6731 1173 6800
6454 6351 6479 6550
2176 7398 2217 7411
7410 4240 7746 4475
869 2561 1341 2660
5955 9317 6199 9440
5710 9624 5771 9834
7585 1325 7783 1511
5775 3978 6149 4027
5816 9580 6155 9829
2684 4833 2762 5014
4391 490 4645 508
4239 9782 4489 9927
6998 8939 7137 9327
8248 335 8477 585
4327 7089 4402 7261
9868 6064 9892 6158
6402 8178 6531 8299
9304 1628 9358 1869
9852 6978 9862 7461
8887 8469 9100 8649
161 9592 341 9873
7614 3132 7677 3249
5795 2647 5990 2749
4031 239 4075 535
2653 1196 2804 1420
8972 3992 9025 4137
3946 1136 4001 1171
8796 3129 8853 3205
1366 8774 1823 8943
1525 7347 1624 7488
8298 8475 8429 8546
2642 5093 2760 5140
1836 7303 2060 7374
7570 3090 7596 3194
563 4905 787 5199
6257 1621 6740 1811
2100 9113 2375 9220
1073 9186 1113 9383
5821 5514 5910 5833
824 3369 1167 3715
8362 1865 8599 2098
6640 744 6786 795
2028 9342 2383 9415
9342 3937 9361 4336
7206 9710 7322 9882
3694 3428 3826 3727
9763 9771 9985 9840
9562 7640 9631 7782
4541 7049 4660 7243
4548 1138 4652 1275
9758 4018 9953 4128
5193 33 5560 120
1424 133 1443 629
6512 322 6660 456
4835 1262 5015 1567
3996 1219 4133 1703
6445 987 6723 1134
1886 6295 1959 6533
4948 2401 5016 2767
8506 6898 8938 6965
6023 482 6181 717
9582 912 9811 934
4233 3081 4550 3166
1362 7584 1479 7596
1723 1355 1872 1828
9493 4077 9550 4227
494 432 559 467
824 5195 1097 5214
5913 7575 6084 7784
5531 5048 5559 5364
9487 6821 9762 6930
6310 182 6748 228
7133 5763 7354 6018
6179 7499 6242 7757
1528 4942 1719 5048
1791 7392 1806 7742
3649 2983 4018 3391
4626 6126 4717 6302
3884 8033 3905 8332
9877 7446 9912 7877
914 3798 1148 4120
131 2704 144 2940
8054 8645 8081 8914
2592 9077 2821 9161
8619 192 8962 594
6839 1693 6879 1926
4271 1190 4516 1386
5173 3788 5398 4044
7777 4241 7832 4723
7170 462 7358 619
9810 5175 9993 5474
57 699 124 901
679 1556 730 1779
9393 4360 9420 4371
829 5614 998 5733
3449 3565 3682 3888
6453 7051 6635 7147
8281 1687 8363 1782
392 2856 456 3030
164 507 450 951
6107 26 6169 130
2569 5746 2583 5861
8393 7302 8744 7501
3602 8820 4028 8939
4765 4963 5038 4980
1817 3702 2247 3759
4134 1489 4182 1671
5894 3351 5920 3752
6117 7313 6300 7425
5982 8594 6317 8746
4556 8512 4739 8881
7847 3919 7964 4063
2172 2445 2385 2803
813 128 915 153
6715 3691 6952 3896
4548 4656 4567 4728
1505 7503 1683 7947
6271 1868 6603 2090
4901 8685 5172 8846
2261 7151 2504 7280
2221 3501 2497 3685
5139 8260 5623 8294
9879 9321 9907 9697
401 5419 612 5506
8458 7101 8476 7119
5065 9972 5490 9998
7643 6199 7832 6241
9239 807 9322 872
6 6521 47 6652
6797 4488 7050 4550
199 4759 450 5032
1317 3783 1558 3884
7925 4810 8111 4940
3948 3654 4019 3997
4103 1821 4118 2151
4643 9413 4847 9630
5133 7347 5261 7477
1626 4330 1699 4733
2897 1747 2962 2116
2913 2513 3141 2868
9027 88 9454 104
3072 7346 3363 7359
3546 9607 3557 9698
5391 2627 5450 2752
357 7044 380 7276
9912 9336 9991 9471
8670 5379 8701 5627
6892 4681 7011 4973
1448 7018 1784 7234
3277 6415 3475 6589
5444 890 5699 1196
8399 9031 8425 9368
5451 8816 5621 8907
9983 110 9995 516
1056 4160 1339 4294
6053 4553 6386 4663
4391 4536 4771 4591
1360 9306 1763 9370
1070 9528 1265 9788
369 9522 529 9845
6760 4099 7118 4328
2727 557 2977 829
1083 1901 1348 2097
8849 8722 8908 8893
7521 9735 7612 9844
3234 7766 3389 8254
9276 7145 9289 7492
4140 8999 4218 9088
1523 577 1659 930
6925 8864 7100 8900
6631 463 6668 734
9877 3757 9967 3795
8544 2849 8720 2962
7339 9366 7465 9577
7769 2976 8165 3323
5100 8430 5469 8592
5809 2146 6246 2318
1401 6530 1860 6713
2307 907 2593 1161
171 1988 229 2321
7633 5491 7646 5543
8398 9372 8729 9530
514 1058 744 1194
3104 6280 3254 6590
3921 2814 4406 2905
2353 2271 2386 2312
8312 1046 8462 1135
2514 4577 2874 4817
7325 725 7352 905
5791 9252 5916 9480
262 6587 548 6923
2776 8085 2884 8285
3912 1921 4079 1977
5099 1941 5220 2276
4850 9356 4928 9413
2603 5827 2710 5897
7272 372 7355 388
9165 331 9427 455
5301 8374 5673 8408
658 6933 771 7198
56 1446 170 1470
9102 8331 9600 8346
1614 2080 1693 2136
3625 6063 3981 6148
1647 1487 1694 1745
9893 219 9940 277
9736 7774 9857 7823
5953 9867 6341 9887
7314 5285 7396 5314
4279 8894 4633 8957
848 1801 1345 1818
8003 8260 8168 8404
2774 6443 2883 6829
5351 4095 5738 4134
1728 3655 1792 3871
3780 7764 3839 8113
9300 3607 9372 3620
8326 2437 8356 2641
66 6716 126 6781
2324 8865 2501 8971
6354 6230 6749 6240
1958 1006 2031 1165
7501 5093 7699 5274
9060 2651 9097 3062
5056 3987 5150 4366
9489 4915 9657 5224
2069 3532 2173 3593
3058 4459 3495 4799
5157 6143 5194 6235
9941 8712 9955 8836
2744 6469 2773 6963
1480 2525 1566 2543
8606 6455 8841 6737
9487 857 9523 1168
5241 172 5426 309
718 3814 791 4283
1340 8258 1404 8330
8714 4673 8758 4943
6168 2331 6198 2686
4453 9038 4881 9183
7083 6643 7561 6719
5481 1745 5531 1776
7922 266 7995 284
9221 3684 9304 3740
7995 4666 8158 4717
1242 4686 1506 4771
4379 2611 4622 2655
5295 7485 5356 7538
14 4440 102 4800
507 9434 562 9499
7282 7396 7630 7631
4061 2670 4220 2745
1202 1686 1332 1746
6213 8907 6470 9032
7499 1619 7543 1714
9596 3701 9876 3989
3514 5008 3671 5413
2022 6625 2185 7060
5799 8977 6053 9005
6984 8549 7388 8701
2411 9864 2577 9985
9087 5959 9249 6005
9796 9458 9825 9493
6951 2258 7199 2362
5086 5256 5322 5507
1396 483 1422 526
1720 7450 1774 7492
7438 9142 7533 9239
1078 2258 1516 2346
3820 1933 3833 2067
3169 631 3299 821
7130 952 7349 1024
5639 3255 5802 3720
925 4745 1221 4890
952 6253 990 6520
3250 1582 3556 1855
6949 7948 7082 8097
4494 7037 4564 7048
4887 9560 5019 9973
9898 4526 9974 4575
7451 4929 7758 5049
5309 3401 5535 3418
9650 5755 9771 5767
6033 7282 6065 7484
5861 8115 5999 8249
324 9365 337 9375
9243 8386 9461 8472
8231 6122 8259 6605
6394 282 6446 473
6166 3010 6598 3030
1241 297 1375 644
4785 3892 4988 4089
243 8756 257 8908
9913 8473 9923 8501
3675 8357 4116 8499
174 6355 194 6512
9468 8566 9498 8775
6495 7206 6686 7625
1565 9124 1735 9266
4294 1021 4435 1071
9680 1081 9819 1109
2199 5420 2459 5582
5067 9390 5133 9625
9989 9914 9999 9971
4261 8081 4337 8165
3464 220 3901 262
3181 8494 3231 8578
7120 6371 7220 6618
2704 5625 2732 5733
2501 2438 2658 2640
9038 6840 9285 6921
7338 8179 7494 8404
4385 4067 4514 4497
9110 9719 9309 9895
4776 969 4967 1099