100
605 218
78 872
747 130
13 126
839 467
765 933
385 112
95 88
703 838
827 638
504 270
815 763
321 863
582 134
684 485
169 265
704 248
113 427
378 127
553 193
594 295
102 979
407 197
43 87
12 870
725 516
116 516
255 438
355 837
572 16
299 741
281 1003
989 395
406 343
522 960
536 92
231 638
47 638
836 90
725 848
961 427
340 53
943 595
491 275
409 39
291 708
781 572
687 746
967 69
66 465
5 602
557 236
217 604
875 29
695 576
877 632
1003 193
685 923
788 153
174 173
192 465
881 973
13 544
696 981
614 762
422 619
340 980
856 557
560 707
586 231
259 439
863 239
632 525
138 397
678 312
570 870
777 428
820 790
972 492
747 562
230 146
158 570
102 1014
104 662
697 690
894 956
106 733
171 738
234 309
111 912
621 682
759 374
86 555
141 34
23 888
597 253
10 755
823 112
745 927
775 418
500
927 526 930 583
546 549 552 581
829 167 832 218
892 452 914 458
682 578 694 594
649 644 651 720
253 184 313 187
213 452 273 455
815 435 837 444
894 398 898 426
592 776 594 868
267 671 269 758
236 794 244 818
516 357 523 385
55 153 138 155
757 745 776 755
608 427 610 498
118 863 121 920
53 818 72 824
436 837 452 849
740 47 826 49
969 7 976 34
988 703 1001 711
340 11 349 26
93 847 109 856
860 596 866 622
457 920 459 1011
541 938 554 950
973 984 1022 988
162 326 193 332
326 66 359 71
932 348 937 377
193 738 198 776
869 630 872 684
964 64 1004 67
463 419 560 421
304 29 310 48
753 979 759 1007
656 509 670 520
248 868 331 870
986 375 1010 383
730 279 786 281
323 888 325 956
493 321 498 344
470 61 532 64
58 533 63 561
551 265 603 268
206 538 211 565
423 31 448 35
822 568 824 619
578 515 589 526
724 71 728 121
799 230 830 235
705 795 712 810
625 398 634 416
452 887 464 896
858 172 860 228
486 662 492 686
944 226 1019 228
315 513 317 583
147 251 157 270
537 525 553 532
112 56 122 66
518 139 556 142
864 794 866 870
932 258 970 263
711 134 727 142
553 862 558 901
126 130 142 140
477 17 513 22
476 495 482 526
771 834 775 864
51 986 77 991
410 163 447 168
717 670 783 672
790 905 795 944
158 970 162 1001
593 470 595 561
493 146 495 207
543 586 549 618
801 380 840 383
106 665 123 675
1012 238 1015 304
263 152 275 167
640 792 642 855
274 535 289 545
435 236 457 242
424 907 485 910
378 277 388 297
436 629 463 634
9 51 31 60
775 125 777 210
123 773 126 830
367 908 394 913
966 299 1007 303
942 543 964 551
46 873 55 888
848 125 850 197
921 592 923 682
115 463 130 473
856 375 875 383
848 1007 904 1010
717 751 731 762
900 24 905 54
753 789 765 800
229 629 294 631
294 326 346 328
749 482 753 530
876 172 879 210
283 800 288 820
971 752 1013 755
637 328 644 345
823 272 825 343
408 143 418 163
989 469 1021 474
840 253 871 259
379 186 382 229
262 598 353 600
476 382 483 405
439 88 476 92
816 697 827 711
828 956 900 958
254 744 267 758
164 725 242 727
608 769 652 772
474 172 476 260
961 899 977 907
398 26 412 35
566 756 575 775
342 684 436 686
398 250 422 256
544 954 548 981
454 683 460 706
981 79 983 162
820 242 833 251
636 16 666 20
520 226 539 233
556 299 581 303
459 915 461 997
2 243 6 268
404 41 445 44
90 175 111 184
818 79 894 81
195 345 212 352
433 345 444 359
865 17 917 20
558 531 559 631
290 370 312 379
28 368 37 384
554 944 558 984
216 755 218 834
366 138 397 144
783 775 786 810
216 434 267 436
850 680 852 737
233 862 235 919
998 530 1002 573
985 601 994 615
110 760 122 769
126 334 219 336
107 753 167 755
724 534 727 568
835 770 868 775
389 687 399 703
258 639 284 643
604 654 608 685
434 989 445 1002
749 533 764 543
753 54 761 76
318 800 355 804
580 590 582 649
842 749 857 758
423 79 425 139
377 77 380 115
417 456 425 473
763 119 827 122
697 980 701 1016
442 473 444 541
958 717 968 730
581 439 599 448
748 107 753 132
633 309 655 314
823 270 886 272
120 373 169 377
735 110 739 153
501 98 573 100
155 730 216 732
830 56 897 58
405 577 414 589
115 279 123 304
281 722 283 787
367 705 378 719
373 541 376 604
701 883 739 887
506 133 551 136
77 796 79 869
853 900 869 910
165 935 167 1008
274 62 282 76
161 126 163 212
875 728 935 730
288 805 294 833
256 192 261 226
1000 625 1005 651
586 364 589 398
479 365 497 376
76 693 88 708
714 25 716 119
988 414 1001 422
357 796 395 799
51 135 104 138
689 468 694 495
694 436 731 441
623 729 628 766
398 580 404 610
571 578 574 622
488 798 490 871
940 984 947 1009
803 543 810 568
847 788 850 837
1019 709 1023 749
947 834 949 909
345 648 387 651
111 850 113 938
178 443 193 456
61 656 87 662
894 241 898 268
926 289 944 300
31 429 108 431
860 711 864 744
683 932 748 935
219 846 309 848
293 899 315 904
60 191 83 196
350 184 364 195
267 74 272 104
710 851 717 869
664 380 732 382
602 833 617 842
260 964 272 980
847 48 880 54
331 128 358 135
270 644 311 648
899 225 901 290
139 682 146 706
7 522 11 551
920 291 923 347
212 206 216 242
27 942 33 972
318 251 321 302
531 743 537 764
842 913 857 923
97 237 117 242
660 305 669 323
493 979 523 983
780 424 820 427
654 710 660 741
468 125 472 170
684 16 688 58
85 104 106 109
590 161 665 163
283 99 290 119
105 687 134 691
373 1008 402 1013
787 73 792 106
610 454 614 486
960 637 971 654
732 515 745 523
622 583 624 658
289 354 309 362
484 969 489 1007
164 587 184 595
898 492 916 503
77 936 79 993
123 59 125 112
404 632 418 644
714 407 728 415
481 186 486 206
388 173 453 176
56 23 136 25
526 546 532 568
266 882 279 897
691 242 693 294
35 765 38 802
495 453 497 513
902 740 906 776
333 956 336 992
193 405 195 498
155 23 163 42
12 1000 36 1007
917 845 921 881
736 914 755 921
484 452 488 480
353 508 358 537
639 114 646 130
197 279 226 285
1004 931 1009 954
577 887 580 942
695 831 782 833
798 20 805 37
434 444 436 537
511 449 518 472
381 981 391 994
911 155 929 163
476 5 513 8
945 140 948 184
956 788 962 805
130 787 146 796
794 734 811 741
796 872 883 874
55 292 64 309
349 992 356 1013
590 13 595 40
384 179 389 219
568 153 579 167
468 591 500 595
744 149 757 163
422 516 432 532
932 698 942 710
877 549 879 645
1013 788 1015 862
131 803 203 805
534 328 536 380
977 246 981 287
901 245 903 344
121 565 123 629
348 856 361 864
266 876 309 880
12 550 15 612
712 395 727 406
254 461 259 486
406 786 413 813
920 966 958 969
944 619 965 628
854 389 857 451
500 325 534 328
714 558 718 583
563 693 593 697
556 275 635 277
411 505 416 542
155 518 168 528
896 552 900 588
986 850 988 943
749 38 767 44
454 186 457 236
921 876 938 882
906 536 918 545
785 339 787 415
768 442 770 522
828 648 831 697
554 646 575 655
474 1001 482 1022
489 245 557 247
31 385 55 393
360 654 373 662
717 498 723 524
972 705 980 730
60 320 118 322
332 342 372 345
207 24 217 43
973 99 978 131
124 995 155 1000
9 908 49 913
948 512 958 532
946 308 948 392
150 52 178 57
197 59 209 69
268 834 281 844
634 131 662 136
445 739 459 748
785 636 789 664
995 865 1010 878
363 617 371 633
720 41 734 53
94 62 101 88
392 291 420 296
361 497 385 504
815 216 829 226
956 297 962 315
634 414 640 443
400 311 458 314
540 743 548 768
661 68 664 122
323 678 326 730
575 972 581 996
838 781 902 783
596 353 627 358
749 444 755 477
568 446 574 466
909 130 918 148
0 616 2 677
797 288 804 315
662 634 666 677
561 863 564 911
650 553 686 557
131 273 150 279
222 424 244 430
75 571 78 628
932 65 939 82
219 606 277 608
177 290 220 294
699 101 713 113
597 46 606 64
934 86 936 178
336 413 356 420
427 287 445 297
105 883 110 907
564 509 567 543
493 414 555 417
922 50 924 114
414 396 416 486
285 453 306 459
811 430 814 479
70 752 73 791
405 487 413 505
1007 776 1009 828
128 808 139 820
341 268 375 271
526 643 554 648
528 898 530 993
540 926 554 934
569 713 581 722
69 64 93 72
612 659 614 719
409 655 420 673
648 1000 666 1011
134 891 165 896
79 743 93 757
241 356 259 364
254 19 256 77
193 303 223 308
152 312 213 314
228 266 280 269
87 630 132 633
21 486 29 504
621 280 625 311
360 934 423 936
853 474 859 496
251 292 304 294
246 475 248 571
270 38 279 52
324 399 329 426
295 18 319 23
799 178 811 192
705 334 717 347
12 642 21 661
81 806 83 904
961 430 986 435
675 753 695 762
197 184 199 275
402 724 502 725
4 199 13 212
9 969 12 1022
639 957 645 983
92 518 117 522
727 323 759 329
723 651 764 654
21 526 36 534
383 375 404 382
41 446 93 449
23 106 31 131
478 162 480 218
128 2 152 10
331 32 359 38
194 650 197 699
35 824 41 851
14 704 20 726
427 862 436 880
390 411 394 458
305 439 338 444
260 487 267 512
329 1019 379 1023
291 467 294 529
404 390 414 403
984 1017 1022 1022
87 295 98 311
490 537 492 590
201 669 233 675
759 323 767 336
127 774 140 783
610 78 618 97
295 252 299 288
992 775 996 809
686 850 696 865
169 647 231 650
565 144 592 149
197 116 238 119
584 790 587 829
136 721 148 734
429 579 452 587
965 319 967 412
515 100 574 103
391 581 396 617
350 469 369 478
908 444 998 446
393 223 407 235
320 813 341 819
377 35 458 37
654 465 666 474
185 17 191 38
