100
756 837
666 716
249 189
262 140
732 928
407 123
180 86
800 610
460 794
243 50
665 112
931 600
1014 259
542 433
347 109
48 79
946 714
795 171
903 33
311 612
961 719
735 118
805 511
728 242
281 971
292 947
60 199
523 50
458 42
484 806
151 532
885 73
222 657
245 101
690 556
713 628
251 425
746 33
936 450
275 194
398 567
117 458
766 640
508 201
682 992
1007 833
500 868
907 722
501 128
824 168
684 513
796 936
938 518
969 851
968 220
21 342
787 138
800 529
778 285
730 437
253 713
246 754
558 129
452 35
257 252
203 942
766 999
854 680
493 799
507 438
1019 528
780 782
666 557
287 421
842 1018
858 71
707 80
825 241
210 254
277 467
506 480
385 248
456 215
929 949
1014 412
363 1009
941 120
767 583
677 31
1004 495
25 838
566 732
919 368
974 105
622 227
572 104
707 958
353 139
149 258
65 140
1000
1002 132 1016 153
816 94 833 110
508 203 548 204
326 556 335 572
289 632 369 635
152 517 153 816
753 914 824 917
33 27 38 52
44 679 130 680
77 809 78 927
260 486 297 494
821 531 841 542
14 969 70 970
675 625 713 627
549 692 550 983
147 345 150 418
905 779 938 781
745 753 968 754
680 232 681 463
439 268 448 276
865 569 867 719
410 510 412 632
126 571 130 635
41 1014 113 1017
273 524 287 538
491 732 492 821
570 116 572 182
487 444 530 449
821 565 823 698
62 696 145 698
32 424 55 433
556 134 557 211
980 114 981 266
127 149 128 287
485 133 539 137
364 426 367 454
613 175 614 447
356 743 375 753
285 34 286 194
425 427 436 435
5 239 12 278
483 573 608 574
208 386 213 425
160 467 162 497
376 54 377 264
392 34 393 296
638 615 639 643
575 64 580 75
922 568 924 690
488 245 489 436
706 292 724 294
883 547 905 560
508 775 510 858
735 740 795 745
643 209 647 268
953 404 956 489
546 26 550 70
163 992 290 994
591 326 598 340
673 402 675 529
935 157 961 158
17 768 149 769
397 220 440 226
676 56 756 58
159 740 182 753
79 270 81 361
842 588 843 639
635 237 643 272
515 521 579 525
224 538 307 541
896 222 950 227
993 600 998 623
833 423 839 466
85 894 270 895
851 383 856 415
479 403 481 422
660 603 664 623
409 193 478 195
38 244 41 295
641 620 645 687
645 396 647 453
91 751 126 757
67 946 75 967
930 805 973 810
889 287 890 412
503 964 507 979
698 345 699 429
633 707 639 740
685 294 690 331
664 128 735 130
830 137 850 139
877 431 879 532
569 228 571 288
237 296 334 298
429 21 465 29
287 422 290 469
791 978 834 979
729 821 731 939
792 457 798 505
259 688 499 689
888 790 889 911
218 369 255 371
492 452 505 475
18 251 22 287
857 76 858 145
781 203 787 227
1014 781 1021 793
788 71 796 78
621 0 635 5
468 1008 492 1018
419 967 422 1022
548 263 564 273
506 301 561 304
718 270 737 279
588 163 594 208
420 357 422 483
252 547 299 553
880 739 924 742
562 191 572 195
951 563 952 667
358 162 359 299
115 581 116 629
370 508 372 643
453 581 502 585
580 293 586 322
142 857 150 861
440 300 441 364
946 905 961 919
537 783 538 916
21 533 59 535
346 203 348 288
83 110 88 158
527 940 530 986
808 376 809 674
186 998 245 999
776 440 793 447
312 231 315 279
107 470 121 475
15 834 66 837
671 980 697 983
343 265 344 352
854 862 855 1020
721 826 723 973
52 850 57 857
914 273 970 276
926 344 948 346
437 432 445 448
932 539 935 599
55 702 64 711
305 515 364 518
789 213 791 287
258 899 267 925
814 171 831 183
502 119 507 131
626 494 632 542
321 602 345 613
514 661 523 683
362 501 558 502
232 831 301 834
93 149 96 166
862 883 867 941
37 164 44 171
674 159 744 162
213 20 312 21
605 988 610 1011
495 857 499 899
539 659 543 695
407 777 444 785
899 5 926 9
402 353 412 369
411 145 423 151
107 94 124 102
319 61 322 150
738 894 762 906
1014 906 1015 1005
919 522 922 608
847 634 854 662
284 892 303 896
549 187 550 241
301 943 314 955
183 300 256 304
184 361 210 366
384 725 418 726
176 90 191 103
129 842 132 890
642 480 649 503
922 71 931 99
245 981 342 983
265 845 471 846
165 255 168 323
61 811 74 814
967 918 970 932
94 223 106 241
633 576 641 591
556 724 559 786
621 284 628 291
347 403 353 441
333 98 334 269
583 702 616 703
746 749 802 750
798 900 847 902
759 909 844 912
461 118 488 124
926 720 946 733
732 554 734 639
958 663 976 676
80 919 89 942
58 783 67 790
321 348 322 390
841 556 871 563
797 713 802 740
890 809 910 823
450 514 510 519
898 495 931 504
903 706 1019 707
670 884 679 913
241 680 396 681
213 674 224 696
808 4 858 7
508 732 515 761
718 626 720 749
241 484 442 485
563 324 599 326
270 256 302 265
332 806 489 807
175 133 176 185
246 924 256 926
472 344 476 367
344 897 345 943
50 60 67 75
269 241 306 247
200 291 232 297
944 851 956 866
679 505 684 531
829 396 834 415
49 134 55 155
722 118 742 119
483 869 491 891
448 873 456 907
237 26 238 164
663 652 664 691
226 665 272 667
566 653 580 670
656 702 657 877
634 389 676 390
702 558 705 570
820 295 846 298
957 368 961 393
848 836 854 880
792 877 844 879
91 269 100 302
633 88 667 90
244 562 246 574
690 787 692 902
777 785 780 844
262 835 295 839
213 14 298 15
333 729 366 736
942 667 952 684
92 74 119 81
537 525 541 534
535 703 536 996
888 134 891 177
249 941 256 956
188 877 204 893
409 203 415 207
470 607 602 608
498 646 522 648
51 363 87 364
294 190 297 215
222 553 229 563
592 275 596 314
554 947 558 994
637 93 725 95
888 948 891 1007
107 230 112 255
956 532 957 660
896 330 900 387
94 818 234 820
517 9 544 18
907 302 908 418
217 640 218 660
457 567 673 568
193 245 214 250
811 847 821 867
833 333 835 357
48 572 50 588
895 513 936 519
612 16 613 151
149 236 166 253
90 205 94 212
23 501 66 503
412 330 418 378
116 915 121 970
658 703 659 883
663 197 690 198
175 272 176 490
554 904 606 908
578 753 580 763
452 334 456 380
477 5 481 30
33 204 35 242
826 27 829 45
87 478 100 494
750 844 753 886
353 491 387 499
606 300 607 547
299 737 300 766
107 106 156 109
261 162 263 228
504 154 505 425
1008 766 1012 771
965 783 986 789
426 757 447 758
206 318 209 348
255 821 474 822
682 1006 705 1015
662 812 665 832
863 38 875 47
437 736 466 742
311 696 327 699
787 95 789 123
848 426 875 437
250 522 361 524
626 957 629 1004
239 503 248 533
291 470 308 475
713 315 715 359
79 232 83 259
743 305 745 389
649 273 652 298
6 877 16 903
130 472 131 651
745 77 769 81
618 51 623 73
865 423 880 425
193 352 225 353
634 14 668 21
874 726 910 730
422 575 434 584
756 29 780 31
690 95 711 99
427 269 432 325
352 59 371 65
875 678 891 680
251 659 279 661
939 376 941 507
157 261 159 403
306 746 314 773
78 654 114 660
228 866 318 869
620 123 623 163
109 167 117 175
468 954 474 989
395 579 407 589
70 534 71 601
9 190 16 193
199 928 241 934
63 509 73 529
10 511 11 604
106 386 133 392
408 304 425 318
7 645 8 713
703 773 775 774
748 22 752 39
271 750 297 760
446 511 515 512
261 968 279 975
993 394 994 419
735 814 753 816
61 92 63 114
308 875 416 877
975 303 1004 310
1005 338 1006 618
395 327 396 432
919 23 989 24
884 484 887 521
476 676 487 681
626 729 628 874
348 139 350 188
49 44 63 46
678 812 683 837
644 961 645 1010
407 949 465 952
822 215 888 216
265 807 329 808
243 793 289 797
870 1017 951 1020
368 394 374 410
272 597 352 600
113 28 162 31
180 333 197 337
380 116 381 142
336 571 342 575
852 516 862 528
135 824 137 892
659 999 671 1014
847 973 853 994
986 875 1007 887
906 881 908 927
747 252 749 358
167 585 174 612
756 463 774 472
790 767 849 772
679 90 705 93
679 475 741 479
652 810 653 987
839 424 843 487
632 44 633 289
726 560 732 603
494 139 519 149
574 795 576 894
595 414 601 433
38 725 76 730
938 986 1012 989
68 170 70 203
591 961 626 967
174 932 179 943
972 333 982 344
669 840 679 842
411 68 439 69
817 366 818 652
95 177 109 185
60 398 65 411
1016 470 1018 497
795 127 798 158
874 101 886 121
811 369 812 666
605 100 611 105
358 430 360 449
984 803 991 816
808 754 816 763
242 279 271 285
77 40 81 48
158 49 161 143
709 121 753 125
685 3 774 6
373 598 381 612
102 577 103 644
335 408 337 429
853 179 868 186
24 137 30 156
1010 496 1011 526
937 736 987 737
952 898 962 903
305 567 309 577
48 114 49 410
904 452 908 485
682 839 684 923
692 832 707 851
672 726 678 775
547 357 549 488
297 649 433 651
537 292 541 299
725 445 734 471
643 831 651 856
138 990 150 1012
615 820 623 841
416 574 481 575
170 767 241 771
287 726 325 730
1020 325 1023 405
736 617 738 641
280 409 282 433
761 988 764 1019
424 765 437 767
162 453 164 587
213 811 221 816
274 600 278 608
961 151 967 185
281 323 286 337
780 155 781 388
199 963 214 968
329 668 434 670
797 940 804 977
777 631 781 648
685 480 693 514
94 852 107 869
790 942 791 1020
710 360 720 367
900 46 903 130
60 998 74 1002
342 82 343 350
260 248 262 264
220 347 270 352
777 580 783 617
756 405 760 446
168 128 172 137
973 732 980 735
837 327 840 371
989 514 990 571
1012 719 1016 725
291 389 295 435
630 303 634 335
764 476 778 494
648 347 651 363
325 85 335 88
872 889 878 928
2 563 3 863
343 34 356 56
118 785 144 793
14 567 21 601
1000 510 1002 619
257 773 270 778
1009 753 1013 765
662 256 668 271
77 721 101 722
492 27 495 82
404 408 409 466
697 887 699 903
229 641 307 644
352 175 358 216
660 992 746 995
760 812 762 830
26 560 28 581
980 95 991 108
894 755 907 776
935 14 985 20
413 74 421 98
457 854 499 857
48 917 51 943
961 229 976 244
169 150 174 191
880 190 891 197
215 731 279 733
512 58 517 71
741 475 755 495
87 788 97 790
882 904 886 943
618 299 619 385
831 799 834 872
574 584 576 598
64 91 89 97
155 157 166 177
96 113 146 119
131 445 157 451
360 951 368 978
25 186 27 296
27 629 34 653
391 513 402 539
913 23 914 101
609 3 612 65
109 338 147 342
181 516 192 535
963 760 974 777
57 129 80 134
885 201 939 203
965 351 972 356
32 480 38 484
757 322 763 354
204 274 285 277
278 67 280 105
48 595 57 617
863 292 865 336
305 83 308 97
354 694 414 697
494 541 515 554
773 58 780 91
464 418 465 477
778 966 784 978
483 174 484 417
694 868 714 878
425 157 442 174
47 838 48 864
387 625 405 631
1010 651 1013 670
857 306 860 397
932 119 936 124
675 581 705 589
879 250 930 252
853 577 860 582
626 33 630 42
540 630 634 632
692 468 719 473
31 329 33 388
57 333 71 340
777 414 793 430
52 192 54 327
750 392 758 398
225 845 243 853
665 600 669 657
641 728 642 993
1015 256 1016 357
1003 248 1012 272
844 416 846 516
258 453 275 461
769 827 772 892
432 76 440 85
508 255 533 257
226 232 244 240
829 746 861 751
200 702 348 704
78 434 81 452
1006 315 1008 355
425 942 460 943
989 176 995 210
182 0 478 1
603 418 605 454
723 178 777 181
710 397 711 443
83 373 91 386
612 703 615 758
309 454 342 458
191 424 194 467
63 321 69 328
439 795 478 800
406 884 418 894
340 656 365 665
333 30 349 33
518 277 522 284
612 504 620 514
345 351 346 463
828 609 829 645
873 796 883 804
794 415 805 438
45 1004 95 1006
127 43 222 46
339 327 342 338
197 499 199 545
694 363 696 389
392 299 394 403
17 315 29 319
989 687 1003 703
676 99 704 107
356 807 399 808
669 673 682 684
193 475 238 480
492 971 496 980
980 712 1004 716
288 699 507 700
799 283 801 310
400 934 529 936
289 229 312 232
337 393 338 431
786 859 809 865
347 603 370 612
684 804 685 856
609 625 626 627
168 679 170 708
315 926 332 942
771 261 776 288
959 1011 985 1014
184 201 186 271
822 49 824 71
5 37 21 41
552 648 555 659
132 613 147 628
457 53 464 82
74 806 123 807
549 357 560 378
25 849 28 913
789 650 794 672
918 428 924 455
187 10 219 12
582 977 584 1023
918 782 932 790
549 323 560 325
384 1008 391 1012
594 862 614 874
766 130 768 154
600 365 606 379
995 806 997 844
768 689 796 694
1013 175 1023 186
886 232 920 234
949 432 950 570
541 956 548 991
173 4 174 35
889 596 892 637
176 323 177 372
832 580 835 614
689 662 695 684
187 717 216 726
745 226 747 356
286 382 289 420
898 680 919 691
751 736 781 739
1002 906 1012 909
86 293 90 346
479 904 488 933
570 672 573 683
344 84 345 363
666 481 671 513
229 594 239 597
357 411 375 416
797 525 799 602
803 980 805 999
992 782 995 828
885 130 953 132
83 495 84 555
714 194 719 238
9 634 11 729
468 85 554 87
389 546 398 558
382 917 391 941
246 931 283 936
259 323 267 341
287 111 300 114
918 930 923 955
226 396 238 398
842 254 844 289
213 736 216 749
331 335 332 419
417 385 419 429
876 837 888 845
1003 864 1021 866
455 85 456 185
630 133 631 265
987 977 1013 985
157 603 162 654
309 44 310 94
972 378 981 410
192 211 196 228
751 504 752 660
149 562 150 706
148 434 155 444
364 991 378 999
999 66 1000 96
1004 33 1021 46
562 161 565 179
841 808 871 817
217 102 225 121
369 136 370 345
118 993 134 997
257 670 382 672
51 991 101 997
116 463 123 466
813 181 814 210
308 168 312 224
524 512 549 515
569 20 571 39
317 772 327 802
414 561 415 616
353 782 357 796
4 121 5 149
55 167 79 168
688 984 721 985
749 108 782 114
904 732 925 738
586 597 621 601
187 865 205 875
13 672 57 677
277 830 377 831
522 799 528 833
100 546 111 552
582 5 590 32
228 212 243 224
462 902 479 918
845 63 860 65
237 657 271 659
546 633 579 634
1012 803 1020 836
757 575 759 708
382 716 410 723
699 378 702 398
621 438 645 447
78 465 80 583
120 986 190 990
202 942 225 945
856 861 862 898
470 739 491 747
419 890 426 908
28 390 39 396
931 189 970 195
496 181 499 192
21 416 60 423
930 1001 988 1005
814 133 819 142
98 140 114 145
825 802 827 858
459 970 460 1013
74 68 87 79
87 636 100 654
414 555 467 558
590 553 611 566
272 652 329 655
846 342 847 513
297 380 300 458
940 304 974 307
214 58 215 205
516 867 520 915
675 938 690 946
329 193 331 252
614 312 616 407
629 934 639 962
510 650 548 657
925 968 929 986
44 139 45 301
51 738 110 742
830 674 831 716
21 379 25 416
338 168 340 189
790 114 811 115
313 543 330 551
230 448 275 453
790 694 791 739
661 951 672 971
736 1010 750 1015
168 1007 209 1014
442 613 567 615
762 298 777 314
657 284 665 305
216 418 231 431
53 77 69 85
802 729 826 732
715 258 718 279
17 505 29 509
162 1014 204 1018
18 733 48 735
163 854 205 860
511 376 513 419
877 403 884 409
475 773 487 782
913 561 914 665
957 254 971 264
226 970 231 976
402 102 414 117
541 324 544 359
380 179 381 368
999 419 1000 555
165 624 172 655
956 924 961 978
582 340 583 506
559 776 571 791
484 943 493 958
442 90 446 95
346 757 359 760
55 936 58 953
615 407 620 440
10 12 19 36
891 252 897 283
715 487 726 494
15 160 17 184
245 847 434 848
491 198 492 272
972 497 981 527
43 884 52 913
37 54 61 59
812 242 813 295
532 110 551 119
242 249 245 266
194 615 196 642
452 75 454 104
757 797 769 806
832 674 843 688
549 551 561 559
731 243 737 265
179 458 181 491
333 683 481 684
691 44 707 47
853 610 862 632
545 122 553 149
867 915 868 977
706 542 740 545
81 435 83 473
971 888 974 928
143 475 145 521
558 14 559 255
129 427 156 434
715 381 730 390
732 293 733 349
69 833 72 892
318 659 321 668
812 337 817 343
148 265 157 279
893 1022 935 1023
713 743 716 769
87 191 90 222
577 772 581 832
913 957 951 959
871 257 878 272
461 850 495 851
657 310 662 329
658 452 664 484
729 951 732 963
46 9 57 21
298 768 304 802
901 359 903 424
843 698 856 719
3 20 4 55
663 180 669 191
458 619 472 629
849 786 902 789
381 41 385 72
683 175 780 178
537 590 553 600
815 188 949 189
713 39 729 55
749 291 751 349
818 334 826 363
168 917 170 950
821 453 825 484
906 625 909 640
378 665 409 666
332 998 335 1009
519 360 525 391
459 387 467 410
700 231 702 254
772 1003 786 1006
404 854 408 864
483 493 507 495
190 24 341 25
17 977 44 981
146 75 155 80
944 812 953 834
690 689 695 721
267 82 271 120
62 613 94 622
396 179 440 180
540 543 542 562
963 824 991 825
206 142 211 177
395 661 494 662
400 960 453 965
156 435 175 439
187 392 189 464
297 562 301 587
948 877 978 886
721 747 767 748
867 308 887 319
263 681 334 683
958 573 962 596
180 552 217 556
606 146 610 205
14 543 50 544
37 347 41 388
872 177 884 187
814 249 815 280
966 49 974 68
403 20 405 30
785 632 799 641
181 922 185 954
915 49 921 84
398 945 474 947
621 579 629 595
423 467 456 470
306 621 333 631
770 548 792 549
513 87 540 92
70 191 73 279
104 432 105 526
421 249 423 275
388 380 390 426
840 751 880 752
985 853 998 867
444 759 469 767
21 21 71 24
792 919 815 924
142 264 146 313
260 358 296 366
141 555 143 592
256 1 260 12
760 381 778 387
23 449 33 470
690 231 695 286
631 1011 659 1021
731 732 742 739
3 395 9 435
864 358 887 369
927 528 932 586
589 476 594 513
512 356 517 370
585 659 593 670
104 827 116 852
800 796 853 799
211 816 333 818
170 230 173 289
1011 475 1012 642
336 764 345 769
703 377 743 378
83 27 89 44
718 975 772 977
896 794 900 809
939 295 940 341
600 346 604 354
232 343 287 346
197 840 215 854
744 137 756 156
432 456 452 458
989 384 992 442
386 70 389 79
499 947 519 956
139 207 153 212
258 109 261 126
679 950 703 956
210 803 245 805
750 664 751 726
444 973 449 1009
595 725 600 772
8 785 13 844
107 304 122 319
987 736 991 760
244 73 275 76
477 667 510 670
655 635 656 883
422 548 436 554
765 543 786 544
936 601 948 617
251 571 254 598
194 137 202 141
