215 90 0 215 475 1 90 87 0 87 252 0 87 414 1 475 216 1 414 413 0 413 260 1 413 457 1 457 460 1 460 433 1 433 459 0 459 219 1 459 288 1 288 248 0 248 454 0 454 432 1 432 158 0 219 366 0 366 349 0 349 148 0 349 242 0 242 26 0 26 131 0 26 30 0 30 289 0 260 341 0 341 287 0 287 23 0 23 357 0 357 479 1 479 290 0 290 67 0 67 374 1 374 446 1 479 130 0 446 244 0 244 21 0 21 226 1 374 88 0 88 492 1 88 5 1 5 332 1 332 415 0 415 494 1 244 7 0 7 104 0 226 123 0 123 75 1 75 63 0 494 298 0 298 470 1 470 392 0 392 60 0 392 65 0 65 345 0 65 423 0 423 465 0 465 230 0 230 337 0 337 147 0 423 151 1 147 450 1 450 381 1 381 315 1 315 399 0 399 196 0 196 132 0 315 255 0 196 72 1 315 18 0 72 365 0 132 395 1 60 328 0 328 10 0 10 51 0 51 86 0 86 89 0 86 264 1 264 135 0 264 209 0 89 150 0 10 197 0 423 1 0 216 380 1 380 198 0 380 358 1 358 302 1 302 171 1 171 483 1 483 240 0 240 84 0 240 128 1 128 69 0 128 360 1 360 402 1 402 444 0 402 308 0 308 325 0 325 47 1 47 445 0 445 179 1 445 163 1 179 83 1 83 217 1 83 42 0 42 82 1 82 389 0 389 279 0 279 59 1 59 172 0 172 468 0 468 300 0 360 499 0 499 170 0 170 110 0 170 265 1 265 382 1 110 500 1 500 375 0 375 368 0 368 314 1 42 138 0 138 251 1 251 95 1 95 370 0 370 207 1 308 204 0 395 136 0 136 496 0 136 489 0 489 169 0 169 354 1 354 185 0 131 266 0 266 117 1 117 461 1 461 33 0 33 453 1 461 186 1 117 19 0 300 96 0 96 305 1 96 480 0 480 362 1 362 145 1 145 424 1 424 167 0 167 195 0 195 343 1 343 109 0 109 180 1 289 62 1 110 273 0 273 159 0 159 427 0 427 443 0 226 127 1 84 153 1 204 14 1 14 133 1 133 28 0 28 245 0 245 344 0 344 426 0 245 154 0 154 203 0 154 327 0 327 437 1 437 55 1 426 256 0 256 34 0 34 364 0 364 58 0 58 140 1 364 297 0 297 283 0 297 112 1 283 182 1 182 221 0 182 48 0 48 52 0 48 168 1 52 236 0 236 191 1 236 390 0 390 27 0 221 408 0 14 200 0 200 37 1 34 412 1 27 438 0 438 184 1 184 278 1 278 268 0 278 106 0 268 376 1 376 323 1 323 36 1 438 431 0 431 105 1 105 394 1 431 406 1 394 74 0 74 39 1 74 166 0 166 121 0 74 326 1 326 78 0 78 277 1 121 70 0 70 439 0 439 32 1 78 317 0 317 210 0 210 420 0 420 304 1 304 421 1 421 229 0 229 267 1 267 309 1 309 391 0 229 165 0 391 403 0 403 434 0 434 270 0 434 4 1 4 192 0 192 225 0 225 116 0 116 404 0 116 107 1 192 379 1 379 449 0 192 73 1 73 292 1 107 373 0 373 254 0 254 301 0 254 187 1 187 91 1 91 155 0 91 164 1 91 299 1 299 102 1 102 476 0 299 190 1 190 311 0 476 222 0 311 295 0 295 157 0 403 436 1 102 419 1 449 227 0 227 50 0 373 43 0 43 41 1 41 66 0 41 125 1 125 160 1 160 428 1 428 189 1 189 425 0 157 398 0 398 467 0 467 280 0 280 490 0 280 464 1 464 355 1 355 393 1 393 259 1 393 235 0 235 462 1 235 111 0 111 356 1 464 46 0 46 497 1 497 338 0 338 303 1 303 486 1 486 388 0 388 440 0 303 228 0 497 71 0 71 466 1 466 238 0 466 149 0 149 234 0 149 108 0 238 208 0 228 113 1 228 378 0 208 54 0 54 233 0 165 316 0 316 417 1 378 330 0 330 29 1 29 400 0 400 152 0 152 324 1 324 193 1 193 478 0 478 455 1 455 85 0 85 347 1 347 441 1 441 353 0 353 319 1 324 92 0 92 493 0 493 146 0 146 97 1 97 2 0 97 56 0 56 183 0 183 318 0 318 359 0 183 257 0 257 120 1 257 211 1 211 334 0 334 346 0 346 101 0 101 224 1 224 115 0 334 181 1 115 487 1 487 57 1 57 253 0 253 38 1 38 98 0 98 271 1 98 396 0 271 484 1 484 372 1 372 458 0 458 416 1 57 333 0 333 201 1 201 241 1 241 491 0 201 335 1 335 410 0 410 25 1 57 285 0 285 262 0 285 199 0 262 40 1 40 282 0 282 422 0 422 329 0 329 363 1 363 350 0 350 473 1 282 351 0 351 81 0 351 9 0 9 188 1 188 53 1 40 246 0 246 339 1 339 202 1 202 269 1 269 142 1 142 495 1 495 177 1 177 93 1 495 348 1 348 80 1 93 173 1 142 263 0 263 342 1 342 469 1 9 205 0 339 3 1 410 310 1 310 44 1 44 471 0 471 477 1 477 306 0 471 369 0 306 247 1 247 409 1 409 448 0 448 296 0 120 122 0 122 49 1 350 407 0 407 481 0 36 61 1 61 16 1 16 212 1 212 276 1 276 176 1 176 331 0 331 231 0 231 397 0 397 451 1 231 12 1 12 175 0 451 274 0 274 22 1 175 100 0 274 261 0 276 384 0 61 284 0 284 124 1 316 17 0 17 137 0 137 320 1 46 232 0 292 156 0 93 258 1 258 118 0 118 250 0 92 377 0 425 294 1 294 20 1 417 134 0 134 237 1 134 45 0 45 24 0 24 141 0 141 119 1 119 387 0 141 220 0 220 162 1 162 442 0 442 352 0 141 321 0 321 472 1 472 371 0 371 64 0 472 336 0 336 405 0 405 411 1 411 13 1 411 452 1 452 239 0 336 385 1 239 488 1 488 249 0 488 498 1 498 474 1 276 293 1 293 8 1 8 275 0 275 281 0 281 361 0 361 291 1 275 77 0 334 435 0 319 143 0 143 485 0 143 15 0 15 482 1 482 161 1 161 129 1 15 447 0 129 11 1 11 340 0 485 383 0 383 463 0 463 144 0 463 76 1 173 139 1 139 223 0 180 206 0 133 31 0 31 286 1 286 213 0 61 456 1 456 313 0 313 243 1 456 322 1 322 174 0 174 218 0 218 79 0 77 114 1 114 99 1 99 367 0 367 307 1 367 214 1 62 194 0 194 6 1 6 312 0 312 94 0 341 68 1 93 103 0 94 35 0 70 178 1 178 126 0 126 401 0 178 418 0 418 386 1 319 430 1 430 429 1 135 272 1 
156320.873200
1000
1 156631.997200
2 156631.997200
3 156443.908600
4 156443.908600
5 156443.908600
6 156443.908600
7 156443.908600
8 156443.908600
9 156443.908600
10 156443.908600
11 156443.908600
12 156443.908600
13 156443.908600
14 156422.695600
15 156422.695600
16 156422.695600
17 156422.695600
18 156422.695600
19 156422.695600
20 156422.695600
21 156422.695600
22 156422.695600
23 156397.240000
24 156320.873200
25 156320.873200
26 156320.873200
27 156320.873200
28 156320.873200
29 156320.873200
30 156320.873200
31 156320.873200
32 156320.873200
33 156320.873200
34 156320.873200
35 156320.873200
36 156320.873200
37 156320.873200
38 156320.873200
39 156320.873200
40 156320.873200
41 156320.873200
42 156320.873200
43 156320.873200
44 156320.873200
45 156320.873200
46 156320.873200
47 156320.873200
48 156320.873200
49 156320.873200
50 156320.873200
51 156320.873200
52 156320.873200
53 156320.873200
54 156320.873200
55 156320.873200
56 156320.873200
57 156320.873200
58 156320.873200
59 156320.873200
60 156320.873200
61 156320.873200
62 156320.873200
63 156320.873200
64 156320.873200
65 156320.873200
66 156320.873200
67 156320.873200
68 156320.873200
69 156320.873200
70 156320.873200
71 156320.873200
72 156320.873200
73 156320.873200
74 156320.873200
75 156320.873200
76 156320.873200
77 156320.873200
78 156320.873200
79 156320.873200
80 156320.873200
81 156320.873200
82 156320.873200
83 156320.873200
84 156320.873200
85 156320.873200
86 156320.873200
87 156320.873200
88 156320.873200
89 156320.873200
90 156320.873200
91 156320.873200
92 156320.873200
93 156320.873200
94 156320.873200
95 156320.873200
96 156320.873200
97 156320.873200
98 156320.873200
99 156320.873200
100 156320.873200
101 156320.873200
102 156320.873200
103 156320.873200
104 156320.873200
105 156320.873200
106 156320.873200
107 156320.873200
108 156320.873200
109 156320.873200
110 156320.873200
111 156320.873200
112 156320.873200
113 156320.873200
114 156320.873200
115 156320.873200
116 156320.873200
117 156320.873200
118 156320.873200
119 156320.873200
120 156320.873200
121 156320.873200
122 156320.873200
123 156320.873200
124 156320.873200
125 156320.873200
126 156320.873200
127 156320.873200
128 156320.873200
129 156320.873200
130 156320.873200
131 156320.873200
132 156320.873200
133 156320.873200
134 156320.873200
135 156320.873200
136 156320.873200
137 156320.873200
138 156320.873200
139 156320.873200
140 156320.873200
141 156320.873200
142 156320.873200
143 156320.873200
144 156320.873200
145 156320.873200
146 156320.873200
147 156320.873200
148 156320.873200
149 156320.873200
150 156320.873200
151 156320.873200
152 156320.873200
153 156320.873200
154 156320.873200
155 156320.873200
156 156320.873200
157 156320.873200
158 156320.873200
159 156320.873200
160 156320.873200
161 156320.873200
162 156320.873200
163 156320.873200
164 156320.873200
165 156320.873200
166 156320.873200
167 156320.873200
168 156320.873200
169 156320.873200
170 156320.873200
171 156320.873200
172 156320.873200
173 156320.873200
174 156320.873200
175 156320.873200
176 156320.873200
177 156320.873200
178 156320.873200
179 156320.873200
180 156320.873200
181 156320.873200
182 156320.873200
183 156320.873200
184 156320.873200
185 156320.873200
186 156320.873200
187 156320.873200
188 156320.873200
189 156320.873200
190 156320.873200
191 156320.873200
192 156320.873200
193 156320.873200
194 156320.873200
195 156320.873200
196 156320.873200
197 156320.873200
198 156320.873200
199 156320.873200
200 156320.873200
201 156320.873200
202 156320.873200
203 156320.873200
204 156320.873200
205 156320.873200
206 156320.873200
207 156320.873200
208 156320.873200
209 156320.873200
210 156320.873200
211 156320.873200
212 156320.873200
213 156320.873200
214 156320.873200
215 156320.873200
216 156320.873200
217 156320.873200
218 156320.873200
219 156320.873200
220 156320.873200
221 156320.873200
222 156320.873200
223 156320.873200
224 156320.873200
225 156320.873200
226 156320.873200
227 156320.873200
228 156320.873200
229 156320.873200
230 156320.873200
231 156320.873200
232 156320.873200
233 156320.873200
234 156320.873200
235 156320.873200
236 156320.873200
237 156320.873200
238 156320.873200
239 156320.873200
240 156320.873200
241 156320.873200
242 156320.873200
243 156320.873200
244 156320.873200
245 156320.873200
246 156320.873200
247 156320.873200
248 156320.873200
249 156320.873200
250 156320.873200
251 156320.873200
252 156320.873200
253 156320.873200
254 156320.873200
255 156320.873200
256 156320.873200
257 156320.873200
258 156320.873200
259 156320.873200
260 156320.873200
261 156320.873200
262 156320.873200
263 156320.873200
264 156320.873200
265 156320.873200
266 156320.873200
267 156320.873200
268 156320.873200
269 156320.873200
270 156320.873200
271 156320.873200
272 156320.873200
273 156320.873200
274 156320.873200
275 156320.873200
276 156320.873200
277 156320.873200
278 156320.873200
279 156320.873200
280 156320.873200
281 156320.873200
282 156320.873200
283 156320.873200
284 156320.873200
285 156320.873200
286 156320.873200
287 156320.873200
288 156320.873200
289 156320.873200
290 156320.873200
291 156320.873200
292 156320.873200
293 156320.873200
294 156320.873200
295 156320.873200
296 156320.873200
297 156320.873200
298 156320.873200
299 156320.873200
300 156320.873200
301 156320.873200
302 156320.873200
303 156320.873200
304 156320.873200
305 156320.873200
306 156320.873200
307 156320.873200
308 156320.873200
309 156320.873200
310 156320.873200
311 156320.873200
312 156320.873200
313 156320.873200
314 156320.873200
315 156320.873200
316 156320.873200
317 156320.873200
318 156320.873200
319 156320.873200
320 156320.873200
321 156320.873200
322 156320.873200
323 156320.873200
324 156320.873200
325 156320.873200
326 156320.873200
327 156320.873200
328 156320.873200
329 156320.873200
330 156320.873200
331 156320.873200
332 156320.873200
333 156320.873200
334 156320.873200
335 156320.873200
336 156320.873200
337 156320.873200
338 156320.873200
339 156320.873200
340 156320.873200
341 156320.873200
342 156320.873200
343 156320.873200
344 156320.873200
345 156320.873200
346 156320.873200
347 156320.873200
348 156320.873200
349 156320.873200
350 156320.873200
351 156320.873200
352 156320.873200
353 156320.873200
354 156320.873200
355 156320.873200
356 156320.873200
357 156320.873200
358 156320.873200
359 156320.873200
360 156320.873200
361 156320.873200
362 156320.873200
363 156320.873200
364 156320.873200
365 156320.873200
366 156320.873200
367 156320.873200
368 156320.873200
369 156320.873200
370 156320.873200
371 156320.873200
372 156320.873200
373 156320.873200
374 156320.873200
375 156320.873200
376 156320.873200
377 156320.873200
378 156320.873200
379 156320.873200
380 156320.873200
381 156320.873200
382 156320.873200
383 156320.873200
384 156320.873200
385 156320.873200
386 156320.873200
387 156320.873200
388 156320.873200
389 156320.873200
390 156320.873200
391 156320.873200
392 156320.873200
393 156320.873200
394 156320.873200
395 156320.873200
396 156320.873200
397 156320.873200
398 156320.873200
399 156320.873200
400 156320.873200
401 156320.873200
402 156320.873200
403 156320.873200
404 156320.873200
405 156320.873200
406 156320.873200
407 156320.873200
408 156320.873200
409 156320.873200
410 156320.873200
411 156320.873200
412 156320.873200
413 156320.873200
414 156320.873200
415 156320.873200
416 156320.873200
417 156320.873200
418 156320.873200
419 156320.873200
420 156320.873200
421 156320.873200
422 156320.873200
423 156320.873200
424 156320.873200
425 156320.873200
426 156320.873200
427 156320.873200
428 156320.873200
429 156320.873200
430 156320.873200
431 156320.873200
432 156320.873200
433 156320.873200
434 156320.873200
435 156320.873200
436 156320.873200
437 156320.873200
438 156320.873200
439 156320.873200
440 156320.873200
441 156320.873200
442 156320.873200
443 156320.873200
444 156320.873200
445 156320.873200
446 156320.873200
447 156320.873200
448 156320.873200
449 156320.873200
450 156320.873200
451 156320.873200
452 156320.873200
453 156320.873200
454 156320.873200
455 156320.873200
456 156320.873200
457 156320.873200
458 156320.873200
459 156320.873200
460 156320.873200
461 156320.873200
462 156320.873200
463 156320.873200
464 156320.873200
465 156320.873200
466 156320.873200
467 156320.873200
468 156320.873200
469 156320.873200
470 156320.873200
471 156320.873200
472 156320.873200
473 156320.873200
474 156320.873200
475 156320.873200
476 156320.873200
477 156320.873200
478 156320.873200
479 156320.873200
480 156320.873200
481 156320.873200
482 156320.873200
483 156320.873200
484 156320.873200
485 156320.873200
486 156320.873200
487 156320.873200
488 156320.873200
489 156320.873200
490 156320.873200
491 156320.873200
492 156320.873200
493 156320.873200
494 156320.873200
495 156320.873200
496 156320.873200
497 156320.873200
498 156320.873200
499 156320.873200
500 156320.873200
501 156320.873200
502 156320.873200
503 156320.873200
504 156320.873200
505 156320.873200
506 156320.873200
507 156320.873200
508 156320.873200
509 156320.873200
510 156320.873200
511 156320.873200
512 156320.873200
513 156320.873200
514 156320.873200
515 156320.873200
516 156320.873200
517 156320.873200
518 156320.873200
519 156320.873200
520 156320.873200
521 156320.873200
522 156320.873200
523 156320.873200
524 156320.873200
525 156320.873200
526 156320.873200
527 156320.873200
528 156320.873200
529 156320.873200
530 156320.873200
531 156320.873200
532 156320.873200
533 156320.873200
534 156320.873200
535 156320.873200
536 156320.873200
537 156320.873200
538 156320.873200
539 156320.873200
540 156320.873200
541 156320.873200
542 156320.873200
543 156320.873200
544 156320.873200
545 156320.873200
546 156320.873200
547 156320.873200
548 156320.873200
549 156320.873200
550 156320.873200
551 156320.873200
552 156320.873200
553 156320.873200
554 156320.873200
555 156320.873200
556 156320.873200
557 156320.873200
558 156320.873200
559 156320.873200
560 156320.873200
561 156320.873200
562 156320.873200
563 156320.873200
564 156320.873200
565 156320.873200
566 156320.873200
567 156320.873200
568 156320.873200
569 156320.873200
570 156320.873200
571 156320.873200
572 156320.873200
573 156320.873200
574 156320.873200
575 156320.873200
576 156320.873200
577 156320.873200
578 156320.873200
579 156320.873200
580 156320.873200
581 156320.873200
582 156320.873200
583 156320.873200
584 156320.873200
585 156320.873200
586 156320.873200
587 156320.873200
588 156320.873200
589 156320.873200
590 156320.873200
591 156320.873200
592 156320.873200
593 156320.873200
594 156320.873200
595 156320.873200
596 156320.873200
597 156320.873200
598 156320.873200
599 156320.873200
600 156320.873200
601 156320.873200
602 156320.873200
603 156320.873200
604 156320.873200
605 156320.873200
606 156320.873200
607 156320.873200
608 156320.873200
609 156320.873200
610 156320.873200
611 156320.873200
612 156320.873200
613 156320.873200
614 156320.873200
615 156320.873200
616 156320.873200
617 156320.873200
618 156320.873200
619 156320.873200
620 156320.873200
621 156320.873200
622 156320.873200
623 156320.873200
624 156320.873200
625 156320.873200
626 156320.873200
627 156320.873200
628 156320.873200
629 156320.873200
630 156320.873200
631 156320.873200
632 156320.873200
633 156320.873200
634 156320.873200
635 156320.873200
636 156320.873200
637 156320.873200
638 156320.873200
639 156320.873200
640 156320.873200
641 156320.873200
642 156320.873200
643 156320.873200
644 156320.873200
645 156320.873200
646 156320.873200
647 156320.873200
648 156320.873200
649 156320.873200
650 156320.873200
651 156320.873200
652 156320.873200
653 156320.873200
654 156320.873200
655 156320.873200
656 156320.873200
657 156320.873200
658 156320.873200
659 156320.873200
660 156320.873200
661 156320.873200
662 156320.873200
663 156320.873200
664 156320.873200
665 156320.873200
666 156320.873200
667 156320.873200
668 156320.873200
669 156320.873200
670 156320.873200
671 156320.873200
672 156320.873200
673 156320.873200
674 156320.873200
675 156320.873200
676 156320.873200
677 156320.873200
678 156320.873200
679 156320.873200
680 156320.873200
681 156320.873200
682 156320.873200
683 156320.873200
684 156320.873200
685 156320.873200
686 156320.873200
687 156320.873200
688 156320.873200
689 156320.873200
690 156320.873200
691 156320.873200
692 156320.873200
693 156320.873200
694 156320.873200
695 156320.873200
696 156320.873200
697 156320.873200
698 156320.873200
699 156320.873200
700 156320.873200
701 156320.873200
702 156320.873200
703 156320.873200
704 156320.873200
705 156320.873200
706 156320.873200
707 156320.873200
708 156320.873200
709 156320.873200
710 156320.873200
711 156320.873200
712 156320.873200
713 156320.873200
714 156320.873200
715 156320.873200
716 156320.873200
717 156320.873200
718 156320.873200
719 156320.873200
720 156320.873200
721 156320.873200
722 156320.873200
723 156320.873200
724 156320.873200
725 156320.873200
726 156320.873200
727 156320.873200
728 156320.873200
729 156320.873200
730 156320.873200
731 156320.873200
732 156320.873200
733 156320.873200
734 156320.873200
735 156320.873200
736 156320.873200
737 156320.873200
738 156320.873200
739 156320.873200
740 156320.873200
741 156320.873200
742 156320.873200
743 156320.873200
744 156320.873200
745 156320.873200
746 156320.873200
747 156320.873200
748 156320.873200
749 156320.873200
750 156320.873200
751 156320.873200
752 156320.873200
753 156320.873200
754 156320.873200
755 156320.873200
756 156320.873200
757 156320.873200
758 156320.873200
759 156320.873200
760 156320.873200
761 156320.873200
762 156320.873200
763 156320.873200
764 156320.873200
765 156320.873200
766 156320.873200
767 156320.873200
768 156320.873200
769 156320.873200
770 156320.873200
771 156320.873200
772 156320.873200
773 156320.873200
774 156320.873200
775 156320.873200
776 156320.873200
777 156320.873200
778 156320.873200
779 156320.873200
780 156320.873200
781 156320.873200
782 156320.873200
783 156320.873200
784 156320.873200
785 156320.873200
786 156320.873200
787 156320.873200
788 156320.873200
789 156320.873200
790 156320.873200
791 156320.873200
792 156320.873200
793 156320.873200
794 156320.873200
795 156320.873200
796 156320.873200
797 156320.873200
798 156320.873200
799 156320.873200
800 156320.873200
801 156320.873200
802 156320.873200
803 156320.873200
804 156320.873200
805 156320.873200
806 156320.873200
807 156320.873200
808 156320.873200
809 156320.873200
810 156320.873200
811 156320.873200
812 156320.873200
813 156320.873200
814 156320.873200
815 156320.873200
816 156320.873200
817 156320.873200
818 156320.873200
819 156320.873200
820 156320.873200
821 156320.873200
822 156320.873200
823 156320.873200
824 156320.873200
825 156320.873200
826 156320.873200
827 156320.873200
828 156320.873200
829 156320.873200
830 156320.873200
831 156320.873200
832 156320.873200
833 156320.873200
834 156320.873200
835 156320.873200
836 156320.873200
837 156320.873200
838 156320.873200
839 156320.873200
840 156320.873200
841 156320.873200
842 156320.873200
843 156320.873200
844 156320.873200
845 156320.873200
846 156320.873200
847 156320.873200
848 156320.873200
849 156320.873200
850 156320.873200
851 156320.873200
852 156320.873200
853 156320.873200
854 156320.873200
855 156320.873200
856 156320.873200
857 156320.873200
858 156320.873200
859 156320.873200
860 156320.873200
861 156320.873200
862 156320.873200
863 156320.873200
864 156320.873200
865 156320.873200
866 156320.873200
867 156320.873200
868 156320.873200
869 156320.873200
870 156320.873200
871 156320.873200
872 156320.873200
873 156320.873200
874 156320.873200
875 156320.873200
876 156320.873200
877 156320.873200
878 156320.873200
879 156320.873200
880 156320.873200
881 156320.873200
882 156320.873200
883 156320.873200
884 156320.873200
885 156320.873200
886 156320.873200
887 156320.873200
888 156320.873200
889 156320.873200
890 156320.873200
891 156320.873200
892 156320.873200
893 156320.873200
894 156320.873200
895 156320.873200
896 156320.873200
897 156320.873200
898 156320.873200
899 156320.873200
900 156320.873200
901 156320.873200
902 156320.873200
903 156320.873200
904 156320.873200
905 156320.873200
906 156320.873200
907 156320.873200
908 156320.873200
909 156320.873200
910 156320.873200
911 156320.873200
912 156320.873200
913 156320.873200
914 156320.873200
915 156320.873200
916 156320.873200
917 156320.873200
918 156320.873200
919 156320.873200
920 156320.873200
921 156320.873200
922 156320.873200
923 156320.873200
924 156320.873200
925 156320.873200
926 156320.873200
927 156320.873200
928 156320.873200
929 156320.873200
930 156320.873200
931 156320.873200
932 156320.873200
933 156320.873200
934 156320.873200
935 156320.873200
936 156320.873200
937 156320.873200
938 156320.873200
939 156320.873200
940 156320.873200
941 156320.873200
942 156320.873200
943 156320.873200
944 156320.873200
945 156320.873200
946 156320.873200
947 156320.873200
948 156320.873200
949 156320.873200
950 156320.873200
951 156320.873200
952 156320.873200
953 156320.873200
954 156320.873200
955 156320.873200
956 156320.873200
957 156320.873200
958 156320.873200
959 156320.873200
960 156320.873200
961 156320.873200
962 156320.873200
963 156320.873200
964 156320.873200
965 156320.873200
966 156320.873200
967 156320.873200
968 156320.873200
969 156320.873200
970 156320.873200
971 156320.873200
972 156320.873200
973 156320.873200
974 156320.873200
975 156320.873200
976 156320.873200
977 156320.873200
978 156320.873200
979 156320.873200
980 156320.873200
981 156320.873200
982 156320.873200
983 156320.873200
984 156320.873200
985 156320.873200
986 156320.873200
987 156320.873200
988 156320.873200
989 156320.873200
990 156320.873200
991 156320.873200
992 156320.873200
993 156320.873200
994 156320.873200
995 156320.873200
996 156320.873200
997 156320.873200
998 156320.873200
999 156320.873200
1000 156320.873200